4
2 10 6 1
3.1830988618379069e-01 3.1830988618379069e-01
2.2204460492503131e-16 2.2204460492503131e-16
2.7590925826060781e-02
3.6243800092255633e+01
-1.6447008866684029e-01
-7.9791586172187068e-01
-1.3904268949086415e-01
-5.4139713446478055e-01
6.4088057362293760e-01
1.2734358834529574e-01
1.9009147620146583e+00
-2.4456094315983732e+00
-2.3901232394240028e+00
-1.5294178074585647e+00
1.5246091532576687e+00
-4.0591588377128485e+00
-9.4735307783620304e-01
-1.8251538653998234e+00
2.1053466565930097e+00
9.3998591315938976e-02
-3.5378221946657047e+00
2.6281751138897875e+00
-1.8520465922651912e+00
2.7505607962335272e+00
1.4822371891143864e+00
-8.3480120109490030e-01
1.2160631012091647e+00
1.5020938759416375e-01
1.2981032924982006e+00
-1.4271608952402501e+00
2.5427049686234671e-01
-2.9930549520037912e+00
1.0042297933726818e+00
1.2456092331277957e+00
-2.5735401761203081e+00
-7.9427288196614942e-01
4.8468970609327716e-01
-2.7909453235281636e+00
7.0604864049403138e-01
-2.9271549938209889e+00
-1.2597663267577335e+00
-2.2041857302698844e+00
2.9013394644316026e-01
2.6825960101731199e+00
1.3667284600247274e+00
-1.8360332163658049e+00
-4.3605637240946565e-01
-5.7454249118086498e-01
-1.3119133696999499e-01
6.7770346130247416e-01
3.4817649270959306e-01
3.2290827998301436e-01
4.0144623382433374e-02
-3.6943899500104077e-01
-4.9256945668920921e-01
-3.0178644919962929e+00
1.4345872196981209e+00
2.1478504038446462e+00
-1.2233395420502164e+00
2.8615349594113755e+00
1.4230416779787602e+00
2.3736857246139302e+00
-6.6901851609397722e-01
-1.6728778874858532e+00
-1.1316959692031960e+00
2.6945677584275605e+00
1.3465373895992407e+00
-2.3258548561132537e+00
-1.2128790812011214e+00
5.6025166465295062e-01
-1.0074712794642142e+00
7.3664536353423049e-01
-2.5532094753158197e-01
-3.4766966425085077e+00
1.5464352843019638e+00
8.6954149984580753e-01
-2.2028469350228833e-01
4.6335111326953726e-01
1.2687995170821473e-01
-7.8211829040719194e-01
-2.6380774881201835e-01
1.2288047845073877e-01
1.0233312544477653e-01
-6.1139150212043490e-02
-1.2136335458687803e-01
1.0494494911889403e+00
6.4134932838258746e-02
7.1699987147923444e-02
-2.8706333890904441e+00
-1.7560486068575416e+00
1.0818267751204373e+00
-4.4041889214041419e+00
5.3996151967428546e-02
-2.5675972330992085e+00
4.9518768491733356e-01
2.0061696799715638e+00
-6.6977644114456047e-01
-1.0474255289535781e+00
-1.5752872395844958e-01
1.0608651903128157e+00
3.8627648515094979e+00
-1.3888294420203422e+01
-4.1446068768770870e+00
-1.1973372299471048e+01
1.9876913225357129e+00
-1.0644367952828578e+01
4.9144572303684830e+00
