4
2 10 6 1
3.1830988618379069e-01 3.1830988618379069e-01
2.2204460492503131e-16 2.2204460492503131e-16
2.6546786254382837e-02
3.7669343114362910e+01
-4.9278959129261285e-01
-2.0651820561303929e+00
2.3002332368270095e-01
8.8950895728613655e-01
1.9503926744639299e+00
7.3301408323133432e-01
-5.5863748214638587e-01
1.6222614250345213e+00
1.7671295873966850e+00
7.6595780907492383e-01
9.0169599725366456e-01
1.7562741900677820e-01
-1.2211166701858396e+00
1.6049629803032002e+00
-2.6846442918506197e+00
2.2588234554002620e+00
-3.3921278481107775e-01
-1.2472261422935071e+00
2.1794348004323543e+00
7.3328761986168933e-01
3.5559387751650235e+00
-2.4910717465405070e+00
1.5194205886863346e+00
1.0989063951648548e+00
-1.9323794648255465e-02
1.7047714664747704e+00
1.9320654633994945e+00
-1.2425745538881914e+00
-3.7588582830322304e-01
-5.0083947610637537e-02
4.5299396229274774e-01
-2.0542353105376594e+00
-7.5391934729792238e+00
-3.6977583911580107e+00
-2.9462551302837912e+00
-1.3013172450804287e+00
-2.1139144087786277e-01
-2.1560576004241064e-01
1.6433049755111187e-01
-1.9780814899955065e-01
6.9559819791825095e-01
6.4084573376135590e-01
-5.1862014043671870e-02
3.0285128206233314e-01
-2.0037717180011849e-01
4.0541511497645738e-01
-9.5350760347007824e-01
-1.4477045402760831e+00
6.1443777896452112e-01
-9.0429180947471444e-01
3.2276955299723581e-01
1.1296067920405513e+00
3.4553415404082061e-01
-1.1552342439026676e-01
2.5837924198602735e+00
1.6853236759963173e+00
-2.0270291616078651e+00
-5.9250085298998043e-02
-3.9232549757825339e+00
1.9891745167538859e+00
-1.5866324656657718e+00
2.7713060799599903e-01
3.8358330024184610e+00
-4.0509681214050786e-01
1.4601388690445876e+00
2.4088486814018282e+00
-2.2728266366659855e+00
-9.4879165085218953e-01
8.4465436522551540e-01
-1.2887611777312287e+00
2.7778336861714230e+00
-1.8921495940814290e+00
9.1913392493449453e-01
1.3930036067052320e+00
-6.6659651275467013e-01
1.3562662867547552e+00
-1.3278536944497186e+00
-2.4736391623645839e+00
1.2232852081146122e+00
1.6150970338244359e+00
4.2368751424795557e+00
3.1216209310036680e+00
-1.4766130763757617e+00
-4.4259994242126179e+00
-1.0436158955451864e+00
2.0430969194794879e-01
6.6342143941628096e-01
-7.8169134620753056e-01
9.3092209255083269e-01
-1.8253508049652527e+00
1.2710899441628598e+00
-5.3345997593701254e-02
-1.1329290616314633e+00
5.2609938983185787e+00
2.7686043934007456e+00
2.7180909351036115e+00
-5.6852812078798616e+00
-5.3776936850084001e+00
-9.2440149354055805e+00
-7.0003574754147104e+00
5.6820619659486518e+00
-4.8745867690643889e+00
2.2102337333881512e+00
