4
2 8 4 1
3.1830988618379069e-01 3.1830988618379069e-01
2.2204460492503131e-16 2.2204460492503131e-16
2.4711007397849684e-02
4.0467795743811664e+01
2.9713168807694829e-01
5.7888580832827032e-02
1.1130799598638297e+00
5.2645807662815391e-01
-1.3582026498411666e+00
-2.8134634771534692e+00
-1.8168863863644844e-01
-3.4516287620044206e-01
-1.2343893671322146e+00
1.8108374772986691e+00
4.6411323605936028e+00
-2.6740002208893138e-01
-1.0087108330753833e+00
8.1074805365967184e-01
2.2049807799704730e+00
-1.3465474959477644e-01
-1.0488815139002623e-01
5.7344201427812080e-01
7.4726801535209597e-01
1.6327407131453171e+00
-1.1292191125651776e+00
2.5810429172239266e+00
1.7586226987699616e-01
-1.6531172128124048e+00
8.9171822728644715e-03
-2.4634477071172318e+00
1.6494520379498995e-01
-4.3589968543203161e-01
-1.2612331630159102e+00
2.6403881828669804e+00
-5.7662546215276438e-02
-4.9526551649679522e+00
2.1791718703997867e+00
-4.6395023364399792e+00
2.8147050949049470e+00
-4.1393765486693299e+00
4.3825889242830135e-01
5.1383686368493309e-01
-5.6493566304761056e-01
9.3231409963755218e-01
3.4994428562890278e+00
9.3912534681950077e-01
3.0167034342892429e-01
2.9901620840798619e+00
1.6243244353770048e+00
-2.9664336550262154e+00
6.6691605254816733e-01
2.5878418992284863e-01
-1.5393747707136238e-01
8.8996384530527484e-01
-5.8750451039419149e-01
-6.2544613339747812e-02
-9.5799706148409658e-01
4.8988821764317878e+00
-1.1870056639124775e+00
-1.0680294516650678e-01
3.5978912102699288e+00
3.0576152038675741e-01
5.1255824123003613e-01
2.9009786491372980e+00
3.3311756968908819e+00
-6.9865681852876849e+00
6.3474952164104872e+00
1.1965667078193624e+01
6.6527281980211876e+00
