#! FIELDS phi psi b1.fes
#! SET min_phi -pi
#! SET max_phi pi
#! SET nbins_phi  31
#! SET periodic_phi true
#! SET min_psi -pi
#! SET max_psi pi
#! SET nbins_psi  31
#! SET periodic_psi true
   -3.141592654   -3.141592654   54.712906824
   -2.938909257   -3.141592654   46.139555435
   -2.736225860   -3.141592654   21.235983813
   -2.533542463   -3.141592654   23.417153896
   -2.330859066   -3.141592654   28.844835054
   -2.128175669   -3.141592654   25.503728091
   -1.925492272   -3.141592654   15.894678878
   -1.722808875   -3.141592654   12.515553890
   -1.520125478   -3.141592654   18.533123527
   -1.317442081   -3.141592654    7.673571104
   -1.114758684   -3.141592654   29.260105182
   -0.912075287   -3.141592654   42.352862827
   -0.709391890   -3.141592654   49.598254689
   -0.506708493   -3.141592654   54.815026185
   -0.304025096   -3.141592654   55.337299792
   -0.101341699   -3.141592654   56.822222553
    0.101341699   -3.141592654   55.255233505
    0.304025096   -3.141592654   53.805197685
    0.506708493   -3.141592654   47.514512311
    0.709391890   -3.141592654   38.203544942
    0.912075287   -3.141592654   13.130928756
    1.114758684   -3.141592654   20.262964629
    1.317442081   -3.141592654   33.247596856
    1.520125478   -3.141592654   47.781424356
    1.722808875   -3.141592654   55.875831903
    1.925492272   -3.141592654   56.973611415
    2.128175669   -3.141592654   59.687295021
    2.330859066   -3.141592654   59.487630393
    2.533542463   -3.141592654   60.342905001
    2.736225860   -3.141592654   58.898513454
    2.938909257   -3.141592654   57.812334133

   -3.141592654   -2.938909257   58.531873025
   -2.938909257   -2.938909257   53.698276479
   -2.736225860   -2.938909257   33.617918404
   -2.533542463   -2.938909257   37.616946284
   -2.330859066   -2.938909257   40.516320120
   -2.128175669   -2.938909257   29.934115515
   -1.925492272   -2.938909257   25.860756611
   -1.722808875   -2.938909257   30.793384208
   -1.520125478   -2.938909257   14.017114517
   -1.317442081   -2.938909257   27.450866519
   -1.114758684   -2.938909257   47.124965654
   -0.912075287   -2.938909257   49.312427370
   -0.709391890   -2.938909257   55.832909849
   -0.506708493   -2.938909257   55.683507124
   -0.304025096   -2.938909257   60.148378094
   -0.101341699   -2.938909257   57.872429568
    0.101341699   -2.938909257   59.389490166
    0.304025096   -2.938909257   54.324595053
    0.506708493   -2.938909257   53.112619884
    0.709391890   -2.938909257   37.914842765
    0.912075287   -2.938909257   20.007151391
    1.114758684   -2.938909257   20.332321124
    1.317442081   -2.938909257   34.441191608
    1.520125478   -2.938909257   53.362385792
    1.722808875   -2.938909257   57.232979585
    1.925492272   -2.938909257   60.691999539
    2.128175669   -2.938909257   61.893715911
    2.330859066   -2.938909257   62.782112079
    2.533542463   -2.938909257   63.076717423
    2.736225860   -2.938909257   61.913276856
    2.938909257   -2.938909257   60.970670638

   -3.141592654   -2.736225860   63.517017086
   -2.938909257   -2.736225860   60.169832597
   -2.736225860   -2.736225860   56.765516824
   -2.533542463   -2.736225860   50.296334070
   -2.330859066   -2.736225860   51.303636862
   -2.128175669   -2.736225860   41.914791898
   -1.925492272   -2.736225860   51.288639517
   -1.722808875   -2.736225860   55.557399804
   -1.520125478   -2.736225860   52.093206096
   -1.317442081   -2.736225860   57.500984239
   -1.114758684   -2.736225860   55.708763569
   -0.912075287   -2.736225860   56.836140182
   -0.709391890   -2.736225860   57.641600383
   -0.506708493   -2.736225860   61.314342664
   -0.304025096   -2.736225860   61.266880368
   -0.101341699   -2.736225860   62.352427013
    0.101341699   -2.736225860   60.905160399
    0.304025096   -2.736225860   58.721782652
    0.506708493   -2.736225860   53.140983796
    0.709391890   -2.736225860   39.744238811
    0.912075287   -2.736225860   21.298871047
    1.114758684   -2.736225860   22.532408131
    1.317442081   -2.736225860   40.071763920
    1.520125478   -2.736225860   55.742573198
    1.722808875   -2.736225860   62.047465475
    1.925492272   -2.736225860   65.052452005
    2.128175669   -2.736225860   65.819689984
    2.330859066   -2.736225860   67.153960789
    2.533542463   -2.736225860   66.313002874
    2.736225860   -2.736225860   66.311832402
    2.938909257   -2.736225860   64.031431346

   -3.141592654   -2.533542463   65.589257866
   -2.938909257   -2.533542463   62.351526788
   -2.736225860   -2.533542463   61.075874361
   -2.533542463   -2.533542463   59.432068306
   -2.330859066   -2.533542463   57.556329452
   -2.128175669   -2.533542463   59.146842343
   -1.925492272   -2.533542463   57.570442243
   -1.722808875   -2.533542463   57.637975775
   -1.520125478   -2.533542463   56.673877560
   -1.317442081   -2.533542463   54.884007744
   -1.114758684   -2.533542463   55.779511925
   -0.912075287   -2.533542463   58.066146438
   -0.709391890   -2.533542463   61.175067994
   -0.506708493   -2.533542463   62.562846669
   -0.304025096   -2.533542463   64.501299723
   -0.101341699   -2.533542463   63.655586972
    0.101341699   -2.533542463   63.080761160
    0.304025096   -2.533542463   59.860034199
    0.506708493   -2.533542463   56.713196477
    0.709391890   -2.533542463   38.293895787
    0.912075287   -2.533542463   23.294451604
    1.114758684   -2.533542463   36.633340291
    1.317442081   -2.533542463   51.771050568
    1.520125478   -2.533542463   59.684726909
    1.722808875   -2.533542463   63.954884518
    1.925492272   -2.533542463   66.536003602
    2.128175669   -2.533542463   67.746281799
    2.330859066   -2.533542463   68.519461643
    2.533542463   -2.533542463   68.408377878
    2.736225860   -2.533542463   67.879077777
    2.938909257   -2.533542463   66.658433463

   -3.141592654   -2.330859066   67.341157608
   -2.938909257   -2.330859066   65.488498551
   -2.736225860   -2.330859066   62.885819828
   -2.533542463   -2.330859066   60.650528066
   -2.330859066   -2.330859066   62.039268950
   -2.128175669   -2.330859066   60.786300765
   -1.925492272   -2.330859066   61.873616839
   -1.722808875   -2.330859066   61.716263453
   -1.520125478   -2.330859066   60.457193639
   -1.317442081   -2.330859066   61.881341399
   -1.114758684   -2.330859066   61.173856239
   -0.912075287   -2.330859066   61.246425921
   -0.709391890   -2.330859066   62.533782123
   -0.506708493   -2.330859066   64.781144856
   -0.304025096   -2.330859066   65.310585927
   -0.101341699   -2.330859066   65.394516135
    0.101341699   -2.330859066   64.231932892
    0.304025096   -2.330859066   61.656994073
    0.506708493   -2.330859066   56.772973042
    0.709391890   -2.330859066   38.837482862
    0.912075287   -2.330859066   29.951764739
    1.114758684   -2.330859066   46.964199688
    1.317442081   -2.330859066   57.850842653
    1.520125478   -2.330859066   62.165509763
    1.722808875   -2.330859066   65.615605202
    1.925492272   -2.330859066   67.811540989
    2.128175669   -2.330859066   69.113522885
    2.330859066   -2.330859066   69.739433994
    2.533542463   -2.330859066   69.622129463
    2.736225860   -2.330859066   69.199361329
    2.938909257   -2.330859066   68.239721236

   -3.141592654   -2.128175669   68.050340062
   -2.938909257   -2.128175669   65.589011103
   -2.736225860   -2.128175669   63.588190805
   -2.533542463   -2.128175669   62.795145922
   -2.330859066   -2.128175669   61.441006826
   -2.128175669   -2.128175669   63.775981745
   -1.925492272   -2.128175669   62.451697562
   -1.722808875   -2.128175669   62.221427535
   -1.520125478   -2.128175669   61.698276673
   -1.317442081   -2.128175669   59.906221517
   -1.114758684   -2.128175669   59.640217703
   -0.912075287   -2.128175669   61.073496559
   -0.709391890   -2.128175669   64.179958434
   -0.506708493   -2.128175669   65.714548979
   -0.304025096   -2.128175669   67.177755052
   -0.101341699   -2.128175669   66.592781910
    0.101341699   -2.128175669   65.790701469
    0.304025096   -2.128175669   62.504403575
    0.506708493   -2.128175669   58.384002879
    0.709391890   -2.128175669   54.978778524
    0.912075287   -2.128175669   49.888426257
    1.114758684   -2.128175669   53.445967923
    1.317442081   -2.128175669   59.443971051
    1.520125478   -2.128175669   63.104471364
    1.722808875   -2.128175669   66.498077556
    1.925492272   -2.128175669   68.512457200
    2.128175669   -2.128175669   69.876816462
    2.330859066   -2.128175669   70.304232961
    2.533542463   -2.128175669   70.483678900
    2.736225860   -2.128175669   69.837557442
    2.938909257   -2.128175669   69.139589203

   -3.141592654   -1.925492272   68.745406876
   -2.938909257   -1.925492272   67.141360233
   -2.736225860   -1.925492272   64.535933948
   -2.533542463   -1.925492272   62.620354802
   -2.330859066   -1.925492272   63.643532361
   -2.128175669   -1.925492272   62.443845825
   -1.925492272   -1.925492272   62.784617163
   -1.722808875   -1.925492272   63.253340014
   -1.520125478   -1.925492272   62.581480715
   -1.317442081   -1.925492272   63.384462254
   -1.114758684   -1.925492272   62.663957039
   -0.912075287   -1.925492272   62.793928003
   -0.709391890   -1.925492272   64.047583251
   -0.506708493   -1.925492272   66.686574577
   -0.304025096   -1.925492272   66.967406505
   -0.101341699   -1.925492272   67.610288068
    0.101341699   -1.925492272   66.093741596
    0.304025096   -1.925492272   64.817214893
    0.506708493   -1.925492272   60.331797992
    0.709391890   -1.925492272   53.351316820
    0.912075287   -1.925492272   49.586812116
    1.114758684   -1.925492272   57.452521190
    1.317442081   -1.925492272   62.145189711
    1.520125478   -1.925492272   64.561635694
    1.722808875   -1.925492272   67.680659720
    1.925492272   -1.925492272   69.256088350
    2.128175669   -1.925492272   70.659129896
    2.330859066   -1.925492272   70.974299585
    2.533542463   -1.925492272   71.150798621
    2.736225860   -1.925492272   70.580794316
    2.938909257   -1.925492272   69.893125453

   -3.141592654   -1.722808875   69.000693293
   -2.938909257   -1.722808875   66.643995458
   -2.736225860   -1.722808875   64.165416130
   -2.533542463   -1.722808875   61.426724500
   -2.330859066   -1.722808875   60.255602297
   -2.128175669   -1.722808875   63.272959977
   -1.925492272   -1.722808875   62.595753761
   -1.722808875   -1.722808875   62.507209694
   -1.520125478   -1.722808875   62.139892182
   -1.317442081   -1.722808875   60.315974871
   -1.114758684   -1.722808875   60.021233904
   -0.912075287   -1.722808875   61.099118629
   -0.709391890   -1.722808875   64.049918828
   -0.506708493   -1.722808875   66.135792285
   -0.304025096   -1.722808875   67.291495650
   -0.101341699   -1.722808875   67.252404267
    0.101341699   -1.722808875   66.214365167
    0.304025096   -1.722808875   64.723723530
    0.506708493   -1.722808875   57.435463730
    0.709391890   -1.722808875   50.731959941
    0.912075287   -1.722808875   56.423917376
    1.114758684   -1.722808875   58.883591344
    1.317442081   -1.722808875   62.335220591
    1.520125478   -1.722808875   65.587629634
    1.722808875   -1.722808875   68.025169128
    1.925492272   -1.722808875   69.676400183
    2.128175669   -1.722808875   70.765288408
    2.330859066   -1.722808875   71.195939278
    2.533542463   -1.722808875   71.345385547
    2.736225860   -1.722808875   70.733497668
    2.938909257   -1.722808875   70.154964272

   -3.141592654   -1.520125478   69.145845393
   -2.938909257   -1.520125478   67.181932919
   -2.736225860   -1.520125478   64.363304578
   -2.533542463   -1.520125478   62.187023553
   -2.330859066   -1.520125478   60.855668954
   -2.128175669   -1.520125478   59.124151051
   -1.925492272   -1.520125478   60.339900687
   -1.722808875   -1.520125478   60.728923436
   -1.520125478   -1.520125478   61.450866991
   -1.317442081   -1.520125478   61.522821974
   -1.114758684   -1.520125478   61.916251738
   -0.912075287   -1.520125478   61.636903778
   -0.709391890   -1.520125478   63.494867955
   -0.506708493   -1.520125478   65.551279335
   -0.304025096   -1.520125478   66.807793974
   -0.101341699   -1.520125478   66.794379105
    0.101341699   -1.520125478   65.921186938
    0.304025096   -1.520125478   61.238598690
    0.506708493   -1.520125478   56.674060043
    0.709391890   -1.520125478   56.767517355
    0.912075287   -1.520125478   55.562386221
    1.114758684   -1.520125478   59.908940601
    1.317442081   -1.520125478   63.515759792
    1.520125478   -1.520125478   66.451264947
    1.722808875   -1.520125478   68.474588471
    1.925492272   -1.520125478   70.016813477
    2.128175669   -1.520125478   70.906908766
    2.330859066   -1.520125478   71.352490138
    2.533542463   -1.520125478   71.316058906
    2.736225860   -1.520125478   70.884540496
    2.938909257   -1.520125478   70.202191968

   -3.141592654   -1.317442081   68.278664529
   -2.938909257   -1.317442081   65.154771262
   -2.736225860   -1.317442081   61.906993805
   -2.533542463   -1.317442081   59.616182006
   -2.330859066   -1.317442081   57.219380860
   -2.128175669   -1.317442081   59.498557353
   -1.925492272   -1.317442081   57.665903672
   -1.722808875   -1.317442081   56.946235624
   -1.520125478   -1.317442081   57.914560748
   -1.317442081   -1.317442081   55.073900966
   -1.114758684   -1.317442081   56.074517169
   -0.912075287   -1.317442081   58.907397691
   -0.709391890   -1.317442081   62.117859393
   -0.506708493   -1.317442081   64.692230111
   -0.304025096   -1.317442081   66.259652135
   -0.101341699   -1.317442081   65.397297685
    0.101341699   -1.317442081   65.055017650
    0.304025096   -1.317442081   63.586271524
    0.506708493   -1.317442081   62.250986861
    0.709391890   -1.317442081   59.624747511
    0.912075287   -1.317442081   58.133352017
    1.114758684   -1.317442081   59.121681108
    1.317442081   -1.317442081   63.013463605
    1.520125478   -1.317442081   66.248822047
    1.722808875   -1.317442081   68.248516086
    1.925492272   -1.317442081   69.708873402
    2.128175669   -1.317442081   70.522951664
    2.330859066   -1.317442081   70.874488341
    2.533542463   -1.317442081   70.856920437
    2.736225860   -1.317442081   70.309999742
    2.938909257   -1.317442081   69.569239884

   -3.141592654   -1.114758684   66.750847126
   -2.938909257   -1.114758684   64.331322187
   -2.736225860   -1.114758684   58.172131534
   -2.533542463   -1.114758684   55.580376981
   -2.330859066   -1.114758684   54.542511294
   -2.128175669   -1.114758684   52.351509114
   -1.925492272   -1.114758684   48.705809662
   -1.722808875   -1.114758684   49.987197329
   -1.520125478   -1.114758684   47.539779335
   -1.317442081   -1.114758684   47.753579026
   -1.114758684   -1.114758684   50.361131920
   -0.912075287   -1.114758684   55.010896737
   -0.709391890   -1.114758684   56.038674544
   -0.506708493   -1.114758684   59.914666580
   -0.304025096   -1.114758684   61.676520655
   -0.101341699   -1.114758684   63.955215554
    0.101341699   -1.114758684   65.094503224
    0.304025096   -1.114758684   64.130041716
    0.506708493   -1.114758684   61.504653566
    0.709391890   -1.114758684   57.240341888
    0.912075287   -1.114758684   54.705903426
    1.114758684   -1.114758684   57.957544539
    1.317442081   -1.114758684   62.394607024
    1.520125478   -1.114758684   65.327152220
    1.722808875   -1.114758684   67.491673537
    1.925492272   -1.114758684   68.500236116
    2.128175669   -1.114758684   69.556255627
    2.330859066   -1.114758684   69.722012955
    2.533542463   -1.114758684   70.072178810
    2.736225860   -1.114758684   69.248761293
    2.938909257   -1.114758684   68.874689419

   -3.141592654   -0.912075287   65.784899889
   -2.938909257   -0.912075287   59.520691183
   -2.736225860   -0.912075287   55.483287208
   -2.533542463   -0.912075287   47.183806402
   -2.330859066   -0.912075287   47.410016544
   -2.128175669   -0.912075287   48.261181751
   -1.925492272   -0.912075287   44.311237547
   -1.722808875   -0.912075287   44.635520488
   -1.520125478   -0.912075287   41.399319699
   -1.317442081   -0.912075287   37.525369852
   -1.114758684   -0.912075287   41.685488781
   -0.912075287   -0.912075287   46.331090516
   -0.709391890   -0.912075287   49.214812846
   -0.506708493   -0.912075287   58.141096562
   -0.304025096   -0.912075287   61.929941593
   -0.101341699   -0.912075287   64.098816115
    0.101341699   -0.912075287   63.705687588
    0.304025096   -0.912075287   62.639011563
    0.506708493   -0.912075287   60.838299524
    0.709391890   -0.912075287   57.812584640
    0.912075287   -0.912075287   55.347666164
    1.114758684   -0.912075287   56.246033383
    1.317442081   -0.912075287   60.496914366
    1.520125478   -0.912075287   64.499072270
    1.722808875   -0.912075287   66.059930474
    1.925492272   -0.912075287   67.585928183
    2.128175669   -0.912075287   68.077119452
    2.330859066   -0.912075287   68.757165353
    2.533542463   -0.912075287   68.526467424
    2.736225860   -0.912075287   68.436100048
    2.938909257   -0.912075287   67.285549281

   -3.141592654   -0.709391890   66.284069883
   -2.938909257   -0.709391890   58.591780386
   -2.736225860   -0.709391890   52.896709164
   -2.533542463   -0.709391890   49.491952325
   -2.330859066   -0.709391890   49.083335634
   -2.128175669   -0.709391890   47.987472165
   -1.925492272   -0.709391890   47.122006915
   -1.722808875   -0.709391890   41.967085948
   -1.520125478   -0.709391890   35.549576804
   -1.317442081   -0.709391890   33.148042431
   -1.114758684   -0.709391890   35.453779826
   -0.912075287   -0.709391890   37.992450201
   -0.709391890   -0.709391890   49.325268444
   -0.506708493   -0.709391890   61.118987975
   -0.304025096   -0.709391890   62.809768681
   -0.101341699   -0.709391890   64.010027477
    0.101341699   -0.709391890   63.488193732
    0.304025096   -0.709391890   62.918147970
    0.506708493   -0.709391890   60.057647996
    0.709391890   -0.709391890   56.171201594
    0.912075287   -0.709391890   52.532505576
    1.114758684   -0.709391890   55.893582349
    1.317442081   -0.709391890   60.185107926
    1.520125478   -0.709391890   64.140112812
    1.722808875   -0.709391890   65.778294370
    1.925492272   -0.709391890   67.204096689
    2.128175669   -0.709391890   67.653175708
    2.330859066   -0.709391890   68.351242923
    2.533542463   -0.709391890   68.033876833
    2.736225860   -0.709391890   68.193308326
    2.938909257   -0.709391890   66.802257506

   -3.141592654   -0.506708493   66.468651944
   -2.938909257   -0.506708493   60.748110599
   -2.736225860   -0.506708493   58.524844565
   -2.533542463   -0.506708493   54.518281403
   -2.330859066   -0.506708493   51.504104490
   -2.128175669   -0.506708493   49.167641673
   -1.925492272   -0.506708493   47.613033767
   -1.722808875   -0.506708493   42.718596050
   -1.520125478   -0.506708493   37.201131468
   -1.317442081   -0.506708493   38.561130149
   -1.114758684   -0.506708493   37.554854166
   -0.912075287   -0.506708493   45.170286148
   -0.709391890   -0.506708493   56.163429466
   -0.506708493   -0.506708493   61.762361360
   -0.304025096   -0.506708493   63.775501891
   -0.101341699   -0.506708493   64.967075723
    0.101341699   -0.506708493   64.314484569
    0.304025096   -0.506708493   63.255022810
    0.506708493   -0.506708493   61.393018507
    0.709391890   -0.506708493   58.310037526
    0.912075287   -0.506708493   54.855627733
    1.114758684   -0.506708493   55.682860456
    1.317442081   -0.506708493   60.250710572
    1.520125478   -0.506708493   64.609023327
    1.722808875   -0.506708493   66.309633774
    1.925492272   -0.506708493   67.781865566
    2.128175669   -0.506708493   68.260742172
    2.330859066   -0.506708493   68.979961626
    2.533542463   -0.506708493   68.855667091
    2.736225860   -0.506708493   68.792414330
    2.938909257   -0.506708493   67.594045699

   -3.141592654   -0.304025096   67.094045498
   -2.938909257   -0.304025096   64.186902766
   -2.736225860   -0.304025096   60.137627480
   -2.533542463   -0.304025096   54.760069609
   -2.330859066   -0.304025096   51.978860559
   -2.128175669   -0.304025096   51.572293913
   -1.925492272   -0.304025096   48.898898710
   -1.722808875   -0.304025096   45.870067318
   -1.520125478   -0.304025096   45.401987715
   -1.317442081   -0.304025096   45.003432939
   -1.114758684   -0.304025096   48.706157518
   -0.912075287   -0.304025096   56.011171789
   -0.709391890   -0.304025096   60.735599458
   -0.506708493   -0.304025096   64.210735121
   -0.304025096   -0.304025096   64.903481286
   -0.101341699   -0.304025096   65.595300166
    0.101341699   -0.304025096   65.297989991
    0.304025096   -0.304025096   64.382551637
    0.506708493   -0.304025096   61.626403132
    0.709391890   -0.304025096   57.878440169
    0.912075287   -0.304025096   53.927302016
    1.114758684   -0.304025096   56.456527261
    1.317442081   -0.304025096   61.176602131
    1.520125478   -0.304025096   65.232274490
    1.722808875   -0.304025096   67.268167182
    1.925492272   -0.304025096   68.324618874
    2.128175669   -0.304025096   69.152901767
    2.330859066   -0.304025096   69.536598070
    2.533542463   -0.304025096   69.692132923
    2.736225860   -0.304025096   69.253562065
    2.938909257   -0.304025096   68.529448736

   -3.141592654   -0.101341699   67.525901776
   -2.938909257   -0.101341699   63.747871074
   -2.736225860   -0.101341699   57.844344712
   -2.533542463   -0.101341699   55.479309392
   -2.330859066   -0.101341699   54.545645771
   -2.128175669   -0.101341699   55.881634210
   -1.925492272   -0.101341699   55.141793788
   -1.722808875   -0.101341699   53.076464721
   -1.520125478   -0.101341699   53.284422331
   -1.317442081   -0.101341699   54.599905225
   -1.114758684   -0.101341699   57.022443034
   -0.912075287   -0.101341699   58.395267765
   -0.709391890   -0.101341699   62.068994257
   -0.506708493   -0.101341699   64.265255526
   -0.304025096   -0.101341699   65.586023840
   -0.101341699   -0.101341699   65.787434303
    0.101341699   -0.101341699   65.364854451
    0.304025096   -0.101341699   63.750126849
    0.506708493   -0.101341699   62.145607415
    0.709391890   -0.101341699   59.024004068
    0.912075287   -0.101341699   55.740908890
    1.114758684   -0.101341699   55.483027415
    1.317442081   -0.101341699   60.899934615
    1.520125478   -0.101341699   65.359423272
    1.722808875   -0.101341699   67.647288776
    1.925492272   -0.101341699   68.942333277
    2.128175669   -0.101341699   69.841509288
    2.330859066   -0.101341699   70.154157144
    2.533542463   -0.101341699   70.207370405
    2.736225860   -0.101341699   69.642976689
    2.938909257   -0.101341699   68.919053987

   -3.141592654    0.101341699   67.607079082
   -2.938909257    0.101341699   64.746658788
   -2.736225860    0.101341699   60.182055532
   -2.533542463    0.101341699   56.251145924
   -2.330859066    0.101341699   54.220646865
   -2.128175669    0.101341699   54.819034868
   -1.925492272    0.101341699   56.365854283
   -1.722808875    0.101341699   57.458029327
   -1.520125478    0.101341699   57.506666286
   -1.317442081    0.101341699   58.476201360
   -1.114758684    0.101341699   60.213334405
   -0.912075287    0.101341699   61.191073469
   -0.709391890    0.101341699   62.679153683
   -0.506708493    0.101341699   65.867180507
   -0.304025096    0.101341699   65.654881377
   -0.101341699    0.101341699   66.122577530
    0.101341699    0.101341699   65.188519109
    0.304025096    0.101341699   64.067169343
    0.506708493    0.101341699   60.291649921
    0.709391890    0.101341699   56.657657326
    0.912075287    0.101341699   52.137818749
    1.114758684    0.101341699   54.409534793
    1.317442081    0.101341699   59.019517326
    1.520125478    0.101341699   64.673295630
    1.722808875    0.101341699   67.309809286
    1.925492272    0.101341699   69.005016208
    2.128175669    0.101341699   69.824116248
    2.330859066    0.101341699   70.369798745
    2.533542463    0.101341699   70.202651626
    2.736225860    0.101341699   69.840613303
    2.938909257    0.101341699   68.794909297

   -3.141592654    0.304025096   67.246839335
   -2.938909257    0.304025096   63.572320565
   -2.736225860    0.304025096   60.089145192
   -2.533542463    0.304025096   56.398465236
   -2.330859066    0.304025096   54.283680493
   -2.128175669    0.304025096   53.450423141
   -1.925492272    0.304025096   54.339671525
   -1.722808875    0.304025096   58.050600383
   -1.520125478    0.304025096   59.024722229
   -1.317442081    0.304025096   58.576893985
   -1.114758684    0.304025096   58.170168980
   -0.912075287    0.304025096   59.526700197
   -0.709391890    0.304025096   62.476749469
   -0.506708493    0.304025096   64.594781094
   -0.304025096    0.304025096   65.332294465
   -0.101341699    0.304025096   65.364481730
    0.101341699    0.304025096   64.059419506
    0.304025096    0.304025096   61.632082621
    0.506708493    0.304025096   58.731016902
    0.709391890    0.304025096   54.651809834
    0.912075287    0.304025096   48.259691656
    1.114758684    0.304025096   43.567507235
    1.317442081    0.304025096   54.707154999
    1.520125478    0.304025096   63.149893951
    1.722808875    0.304025096   65.778429905
    1.925492272    0.304025096   68.267455551
    2.128175669    0.304025096   68.979089116
    2.330859066    0.304025096   69.982006926
    2.533542463    0.304025096   69.703154587
    2.736225860    0.304025096   69.663002128
    2.938909257    0.304025096   68.194919184

   -3.141592654    0.506708493   66.693763912
   -2.938909257    0.506708493   63.899000369
   -2.736225860    0.506708493   60.868354111
   -2.533542463    0.506708493   56.122444886
   -2.330859066    0.506708493   54.704356906
   -2.128175669    0.506708493   56.473578239
   -1.925492272    0.506708493   57.841091042
   -1.722808875    0.506708493   58.912366908
   -1.520125478    0.506708493   59.620555248
   -1.317442081    0.506708493   58.190386232
   -1.114758684    0.506708493   60.010277251
   -0.912075287    0.506708493   60.677515297
   -0.709391890    0.506708493   61.818741944
   -0.506708493    0.506708493   64.288420078
   -0.304025096    0.506708493   64.144944950
   -0.101341699    0.506708493   64.085340554
    0.101341699    0.506708493   62.929079520
    0.304025096    0.506708493   60.034674627
    0.506708493    0.506708493   54.750148789
    0.709391890    0.506708493   42.471286450
    0.912075287    0.506708493   19.189640655
    1.114758684    0.506708493   26.920636041
    1.317442081    0.506708493   49.887241393
    1.520125478    0.506708493   61.279297571
    1.722808875    0.506708493   64.676124138
    1.925492272    0.506708493   66.904632187
    2.128175669    0.506708493   68.047550481
    2.330859066    0.506708493   68.765833393
    2.533542463    0.506708493   69.031355090
    2.736225860    0.506708493   68.935487577
    2.938909257    0.506708493   68.091716679

   -3.141592654    0.709391890   65.784350981
   -2.938909257    0.709391890   61.555890996
   -2.736225860    0.709391890   59.075924690
   -2.533542463    0.709391890   56.398291005
   -2.330859066    0.709391890   56.084796309
   -2.128175669    0.709391890   57.544042835
   -1.925492272    0.709391890   56.629329639
   -1.722808875    0.709391890   57.467377697
   -1.520125478    0.709391890   57.834558257
   -1.317442081    0.709391890   56.811872716
   -1.114758684    0.709391890   55.637181700
   -0.912075287    0.709391890   57.074521764
   -0.709391890    0.709391890   60.440305932
   -0.506708493    0.709391890   61.925010966
   -0.304025096    0.709391890   62.291895075
   -0.101341699    0.709391890   61.923779562
    0.101341699    0.709391890   59.607395548
    0.304025096    0.709391890   56.119917346
    0.506708493    0.709391890   46.270441066
    0.709391890    0.709391890   14.582935507
    0.912075287    0.709391890    5.609026555
    1.114758684    0.709391890   17.447287451
    1.317442081    0.709391890   43.628130803
    1.520125478    0.709391890   59.727333166
    1.722808875    0.709391890   62.874596484
    1.925492272    0.709391890   65.655608268
    2.128175669    0.709391890   66.372288186
    2.330859066    0.709391890   67.538214027
    2.533542463    0.709391890   67.654720335
    2.736225860    0.709391890   67.810988177
    2.938909257    0.709391890   67.006356481

   -3.141592654    0.912075287   65.059112459
   -2.938909257    0.912075287   61.265390161
   -2.736225860    0.912075287   58.836792828
   -2.533542463    0.912075287   54.469148502
   -2.330859066    0.912075287   51.856531204
   -2.128175669    0.912075287   53.478804921
   -1.925492272    0.912075287   56.545832152
   -1.722808875    0.912075287   57.510694926
   -1.520125478    0.912075287   57.045575334
   -1.317442081    0.912075287   55.857701401
   -1.114758684    0.912075287   57.709847816
   -0.912075287    0.912075287   58.092985152
   -0.709391890    0.912075287   58.905113304
   -0.506708493    0.912075287   61.040701858
   -0.304025096    0.912075287   61.021630670
   -0.101341699    0.912075287   59.689246713
    0.101341699    0.912075287   58.537411436
    0.304025096    0.912075287   51.889715836
    0.506708493    0.912075287   23.685470661
    0.709391890    0.912075287    4.799578505
    0.912075287    0.912075287    6.372669841
    1.114758684    0.912075287   14.239970165
    1.317442081    0.912075287   40.231592118
    1.520125478    0.912075287   58.855834249
    1.722808875    0.912075287   61.187226194
    1.925492272    0.912075287   65.012894539
    2.128175669    0.912075287   64.942513909
    2.330859066    0.912075287   66.732519913
    2.533542463    0.912075287   66.026304667
    2.736225860    0.912075287   66.874431693
    2.938909257    0.912075287   65.415021981

   -3.141592654    1.114758684   63.594110152
   -2.938909257    1.114758684   59.923025750
   -2.736225860    1.114758684   57.015816983
   -2.533542463    1.114758684   52.143693536
   -2.330859066    1.114758684   46.547684660
   -2.128175669    1.114758684   52.617260583
   -1.925492272    1.114758684   56.062745824
   -1.722808875    1.114758684   56.359132070
   -1.520125478    1.114758684   56.835831313
   -1.317442081    1.114758684   55.371556401
   -1.114758684    1.114758684   53.891937667
   -0.912075287    1.114758684   54.294039421
   -0.709391890    1.114758684   58.527986664
   -0.506708493    1.114758684   59.260294658
   -0.304025096    1.114758684   59.975678936
   -0.101341699    1.114758684   58.424981114
    0.101341699    1.114758684   53.172220160
    0.304025096    1.114758684   38.777291507
    0.506708493    1.114758684   21.867843329
    0.709391890    1.114758684   11.585207227
    0.912075287    1.114758684   11.210983106
    1.114758684    1.114758684   21.225005899
    1.317442081    1.114758684   45.828744348
    1.520125478    1.114758684   57.499655718
    1.722808875    1.114758684   60.996695540
    1.925492272    1.114758684   63.896138615
    2.128175669    1.114758684   65.022976966
    2.330859066    1.114758684   65.700746182
    2.533542463    1.114758684   65.859869830
    2.736225860    1.114758684   65.597777140
    2.938909257    1.114758684   65.173503424

   -3.141592654    1.317442081   63.277576046
   -2.938909257    1.317442081   61.168018608
   -2.736225860    1.317442081   55.813020395
   -2.533542463    1.317442081   51.767455313
   -2.330859066    1.317442081   45.605162444
   -2.128175669    1.317442081   49.705621251
   -1.925492272    1.317442081   54.547490749
   -1.722808875    1.317442081   55.712651628
   -1.520125478    1.317442081   55.326839893
   -1.317442081    1.317442081   54.398132703
   -1.114758684    1.317442081   56.486730264
   -0.912075287    1.317442081   57.598811742
   -0.709391890    1.317442081   55.899095353
   -0.506708493    1.317442081   59.743881213
   -0.304025096    1.317442081   57.035736948
   -0.101341699    1.317442081   54.205690345
    0.101341699    1.317442081   43.824979691
    0.304025096    1.317442081   33.720679072
    0.506708493    1.317442081   17.987691642
    0.709391890    1.317442081   13.504379741
    0.912075287    1.317442081   19.525370640
    1.114758684    1.317442081   26.803747808
    1.317442081    1.317442081   48.898894563
    1.520125478    1.317442081   57.516083285
    1.722808875    1.317442081   61.612543421
    1.925492272    1.317442081   63.509730232
    2.128175669    1.317442081   65.319497588
    2.330859066    1.317442081   65.147679697
    2.533542463    1.317442081   65.684526134
    2.736225860    1.317442081   64.847100416
    2.938909257    1.317442081   64.942717366

   -3.141592654    1.520125478   63.090211053
   -2.938909257    1.520125478   60.088212481
   -2.736225860    1.520125478   56.330382597
   -2.533542463    1.520125478   53.646593804
   -2.330859066    1.520125478   48.291787330
   -2.128175669    1.520125478   50.766071850
   -1.925492272    1.520125478   54.780359903
   -1.722808875    1.520125478   54.777379225
   -1.520125478    1.520125478   55.618657933
   -1.317442081    1.520125478   54.517815745
   -1.114758684    1.520125478   49.839122271
   -0.912075287    1.520125478   49.835886252
   -0.709391890    1.520125478   55.783079856
   -0.506708493    1.520125478   57.297901104
   -0.304025096    1.520125478   53.675087696
   -0.101341699    1.520125478   44.590413830
    0.101341699    1.520125478   45.659404000
    0.304025096    1.520125478   41.287405326
    0.506708493    1.520125478   24.125160331
    0.709391890    1.520125478   22.685897046
    0.912075287    1.520125478   25.215013165
    1.114758684    1.520125478   33.198385231
    1.317442081    1.520125478   50.583870554
    1.520125478    1.520125478   57.576130173
    1.722808875    1.520125478   61.748011386
    1.925492272    1.520125478   63.279933172
    2.128175669    1.520125478   65.335466411
    2.330859066    1.520125478   65.100307127
    2.533542463    1.520125478   65.888726836
    2.736225860    1.520125478   64.686129379
    2.938909257    1.520125478   64.897722177

   -3.141592654    1.722808875   63.414612949
   -2.938909257    1.722808875   60.719251723
   -2.736225860    1.722808875   56.996641494
   -2.533542463    1.722808875   53.822103998
   -2.330859066    1.722808875   53.342255719
   -2.128175669    1.722808875   52.579541268
   -1.925492272    1.722808875   51.927158528
   -1.722808875    1.722808875   53.294340425
   -1.520125478    1.722808875   51.840770475
   -1.317442081    1.722808875   46.551217830
   -1.114758684    1.722808875   51.083970313
   -0.912075287    1.722808875   47.357824794
   -0.709391890    1.722808875   46.025022810
   -0.506708493    1.722808875   53.218055238
   -0.304025096    1.722808875   49.464411051
   -0.101341699    1.722808875   51.312368808
    0.101341699    1.722808875   52.068027802
    0.304025096    1.722808875   41.805392377
    0.506708493    1.722808875   32.644073776
    0.709391890    1.722808875   35.451221464
    0.912075287    1.722808875   33.486652231
    1.114758684    1.722808875   39.100275880
    1.317442081    1.722808875   51.221204453
    1.520125478    1.722808875   58.536230378
    1.722808875    1.722808875   61.893774597
    1.925492272    1.722808875   63.935206068
    2.128175669    1.722808875   65.334995919
    2.330859066    1.722808875   65.606785235
    2.533542463    1.722808875   65.562891143
    2.736225860    1.722808875   65.085499954
    2.938909257    1.722808875   64.609286454

   -3.141592654    1.925492272   62.418989860
   -2.938909257    1.925492272   60.147765240
   -2.736225860    1.925492272   56.310076784
   -2.533542463    1.925492272   54.894347190
   -2.330859066    1.925492272   53.523053654
   -2.128175669    1.925492272   55.010301858
   -1.925492272    1.925492272   52.152463801
   -1.722808875    1.925492272   51.091793627
   -1.520125478    1.925492272   41.330546818
   -1.317442081    1.925492272   38.259201038
   -1.114758684    1.925492272   23.592434566
   -0.912075287    1.925492272    7.013826016
   -0.709391890    1.925492272   12.108471988
   -0.506708493    1.925492272   31.416223299
   -0.304025096    1.925492272   48.982573535
   -0.101341699    1.925492272   57.826296711
    0.101341699    1.925492272   55.770665484
    0.304025096    1.925492272   53.649515632
    0.506708493    1.925492272   49.826583158
    0.709391890    1.925492272   44.527625801
    0.912075287    1.925492272   40.195880882
    1.114758684    1.925492272   41.940257598
    1.317442081    1.925492272   51.666461983
    1.520125478    1.925492272   55.703714958
    1.722808875    1.925492272   60.447686120
    1.925492272    1.925492272   62.140879490
    2.128175669    1.925492272   64.696986934
    2.330859066    1.925492272   64.756810193
    2.533542463    1.925492272   65.711878564
    2.736225860    1.925492272   64.586480019
    2.938909257    1.925492272   64.492547238

   -3.141592654    2.128175669   60.955515184
   -2.938909257    2.128175669   59.729401853
   -2.736225860    2.128175669   54.837666354
   -2.533542463    2.128175669   52.882651717
   -2.330859066    2.128175669   53.062120422
   -2.128175669    2.128175669   51.976604354
   -1.925492272    2.128175669   49.568487073
   -1.722808875    2.128175669   49.741650717
   -1.520125478    2.128175669   42.291646723
   -1.317442081    2.128175669   37.105477203
   -1.114758684    2.128175669   16.757762209
   -0.912075287    2.128175669    9.441225668
   -0.709391890    2.128175669   30.327915036
   -0.506708493    2.128175669   38.615268634
   -0.304025096    2.128175669   49.035498449
   -0.101341699    2.128175669   54.829675613
    0.101341699    2.128175669   57.663211166
    0.304025096    2.128175669   54.294488311
    0.506708493    2.128175669   52.123890596
    0.709391890    2.128175669   46.833392498
    0.912075287    2.128175669   37.511774353
    1.114758684    2.128175669   38.514415224
    1.317442081    2.128175669   51.581020486
    1.520125478    2.128175669   56.150812372
    1.722808875    2.128175669   60.421979822
    1.925492272    2.128175669   61.429911788
    2.128175669    2.128175669   64.080973123
    2.330859066    2.128175669   63.397082227
    2.533542463    2.128175669   64.709923072
    2.736225860    2.128175669   62.955691677
    2.938909257    2.128175669   63.409119144

   -3.141592654    2.330859066   60.457689737
   -2.938909257    2.330859066   53.527421538
   -2.736225860    2.330859066   52.575085903
   -2.533542463    2.330859066   41.176650679
   -2.330859066    2.330859066   42.586405908
   -2.128175669    2.330859066   51.279370191
   -1.925492272    2.330859066   47.155100046
   -1.722808875    2.330859066   35.921464360
   -1.520125478    2.330859066   36.647144268
   -1.317442081    2.330859066   23.965300594
   -1.114758684    2.330859066   27.838802578
   -0.912075287    2.330859066   18.068655542
   -0.709391890    2.330859066   29.575667421
   -0.506708493    2.330859066   43.984518485
   -0.304025096    2.330859066   49.623265572
   -0.101341699    2.330859066   56.000539862
    0.101341699    2.330859066   55.501610366
    0.304025096    2.330859066   55.567459703
    0.506708493    2.330859066   49.753006724
    0.709391890    2.330859066   48.171203382
    0.912075287    2.330859066   38.877303586
    1.114758684    2.330859066   32.954705265
    1.317442081    2.330859066   38.803336650
    1.520125478    2.330859066   52.472024409
    1.722808875    2.330859066   57.761826998
    1.925492272    2.330859066   60.660723198
    2.128175669    2.330859066   61.111487001
    2.330859066    2.330859066   62.633973405
    2.533542463    2.330859066   61.412321340
    2.736225860    2.330859066   62.202327557
    2.938909257    2.330859066   59.726414675

   -3.141592654    2.533542463   58.362169340
   -2.938909257    2.533542463   48.915744559
   -2.736225860    2.533542463   43.856100231
   -2.533542463    2.533542463   29.955112034
   -2.330859066    2.533542463   33.767806588
   -2.128175669    2.533542463   31.121089341
   -1.925492272    2.533542463   26.984201664
   -1.722808875    2.533542463   28.188389294
   -1.520125478    2.533542463   33.753938409
   -1.317442081    2.533542463   30.906323144
   -1.114758684    2.533542463   15.949451104
   -0.912075287    2.533542463   18.562724466
   -0.709391890    2.533542463   30.477462834
   -0.506708493    2.533542463   40.913042920
   -0.304025096    2.533542463   52.431471365
   -0.101341699    2.533542463   54.979379319
    0.101341699    2.533542463   53.410754807
    0.304025096    2.533542463   53.776789476
    0.506708493    2.533542463   47.745478005
    0.709391890    2.533542463   41.572361533
    0.912075287    2.533542463   26.546238397
    1.114758684    2.533542463   21.920196219
    1.317442081    2.533542463   32.216810971
    1.520125478    2.533542463   47.045302022
    1.722808875    2.533542463   56.237794933
    1.925492272    2.533542463   58.243117318
    2.128175669    2.533542463   59.543395339
    2.330859066    2.533542463   60.738451717
    2.533542463    2.533542463   60.033570231
    2.736225860    2.533542463   60.503108623
    2.938909257    2.533542463   57.886949522

   -3.141592654    2.736225860   53.921916031
   -2.938909257    2.736225860   30.632458971
   -2.736225860    2.736225860   26.874730988
   -2.533542463    2.736225860   31.668718811
   -2.330859066    2.736225860   27.738288284
   -2.128175669    2.736225860   18.003082592
   -1.925492272    2.736225860   13.193605086
   -1.722808875    2.736225860   20.025937459
   -1.520125478    2.736225860   29.101950586
   -1.317442081    2.736225860   18.795538320
   -1.114758684    2.736225860   16.888593651
   -0.912075287    2.736225860   24.084530126
   -0.709391890    2.736225860   36.036653129
   -0.506708493    2.736225860   48.705373694
   -0.304025096    2.736225860   52.333366817
   -0.101341699    2.736225860   53.506483652
    0.101341699    2.736225860   53.234287675
    0.304025096    2.736225860   51.402086837
    0.506708493    2.736225860   46.229104856
    0.709391890    2.736225860   36.230477755
    0.912075287    2.736225860   20.832303109
    1.114758684    2.736225860    6.466026284
    1.317442081    2.736225860   26.575585287
    1.520125478    2.736225860   48.795809233
    1.722808875    2.736225860   53.874953513
    1.925492272    2.736225860   56.009631464
    2.128175669    2.736225860   57.747687292
    2.330859066    2.736225860   57.973871117
    2.533542463    2.736225860   58.629054277
    2.736225860    2.736225860   57.290248483
    2.938909257    2.736225860   57.189717229

   -3.141592654    2.938909257   50.563855725
   -2.938909257    2.938909257   40.256591906
   -2.736225860    2.938909257   28.833660020
   -2.533542463    2.938909257   18.858357496
   -2.330859066    2.938909257   17.861597298
   -2.128175669    2.938909257   20.058698771
   -1.925492272    2.938909257   15.221062159
   -1.722808875    2.938909257   18.549710947
   -1.520125478    2.938909257   27.571967440
   -1.317442081    2.938909257   23.342595840
   -1.114758684    2.938909257   20.830865335
   -0.912075287    2.938909257   26.014389785
   -0.709391890    2.938909257   39.535278971
   -0.506708493    2.938909257   50.473099370
   -0.304025096    2.938909257   52.693309752
   -0.101341699    2.938909257   54.019844645
    0.101341699    2.938909257   53.015103139
    0.304025096    2.938909257   51.232581825
    0.506708493    2.938909257   47.983214051
    0.709391890    2.938909257   36.106675714
    0.912075287    2.938909257    8.184216575
    1.114758684    2.938909257    0.000000000
    1.317442081    2.938909257   23.963872953
    1.520125478    2.938909257   49.382336797
    1.722808875    2.938909257   52.995848536
    1.925492272    2.938909257   56.999873167
    2.128175669    2.938909257   57.418067684
    2.330859066    2.938909257   58.872383869
    2.533542463    2.938909257   58.458162730
    2.736225860    2.938909257   57.806493166
    2.938909257    2.938909257   57.174534490
