#! FIELDS phi psi b1.fes
#! SET min_phi -pi
#! SET max_phi pi
#! SET nbins_phi  31
#! SET periodic_phi true
#! SET min_psi -pi
#! SET max_psi pi
#! SET nbins_psi  31
#! SET periodic_psi true
   -3.141592654   -3.141592654   22.501627315
   -2.938909257   -3.141592654   15.220296543
   -2.736225860   -3.141592654   11.660765570
   -2.533542463   -3.141592654   11.079681884
   -2.330859066   -3.141592654   12.783372804
   -2.128175669   -3.141592654   13.765727545
   -1.925492272   -3.141592654   11.913462188
   -1.722808875   -3.141592654   12.588427062
   -1.520125478   -3.141592654   11.038637330
   -1.317442081   -3.141592654    9.679192184
   -1.114758684   -3.141592654   16.282488280
   -0.912075287   -3.141592654   21.812832766
   -0.709391890   -3.141592654   30.614274930
   -0.506708493   -3.141592654   42.603588108
   -0.304025096   -3.141592654   55.294153383
   -0.101341699   -3.141592654   62.658657872
    0.101341699   -3.141592654   62.932606513
    0.304025096   -3.141592654   54.351415373
    0.506708493   -3.141592654   40.755073286
    0.709391890   -3.141592654   29.919832500
    0.912075287   -3.141592654   20.893490756
    1.114758684   -3.141592654   21.320794378
    1.317442081   -3.141592654   29.890991382
    1.520125478   -3.141592654   38.720209745
    1.722808875   -3.141592654   51.303299052
    1.925492272   -3.141592654   60.630388249
    2.128175669   -3.141592654   68.609590741
    2.330859066   -3.141592654   67.417639799
    2.533542463   -3.141592654   61.115120257
    2.736225860   -3.141592654   48.839679860
    2.938909257   -3.141592654   37.072158038

   -3.141592654   -2.938909257   33.190757706
   -2.938909257   -2.938909257   23.301950635
   -2.736225860   -2.938909257   21.777307823
   -2.533542463   -2.938909257   19.703410291
   -2.330859066   -2.938909257   20.329577857
   -2.128175669   -2.938909257   21.132826906
   -1.925492272   -2.938909257   20.819590875
   -1.722808875   -2.938909257   21.849107333
   -1.520125478   -2.938909257   17.547795269
   -1.317442081   -2.938909257   19.206845243
   -1.114758684   -2.938909257   26.352936620
   -0.912075287   -2.938909257   32.880854088
   -0.709391890   -2.938909257   45.420610522
   -0.506708493   -2.938909257   58.853808322
   -0.304025096   -2.938909257   68.413202636
   -0.101341699   -2.938909257   71.759307598
    0.101341699   -2.938909257   69.732368079
    0.304025096   -2.938909257   58.160853568
    0.506708493   -2.938909257   44.557867125
    0.709391890   -2.938909257   33.488721103
    0.912075287   -2.938909257   27.457236876
    1.114758684   -2.938909257   26.843823631
    1.317442081   -2.938909257   35.645851804
    1.520125478   -2.938909257   45.477509129
    1.722808875   -2.938909257   58.436045585
    1.925492272   -2.938909257   69.526856355
    2.128175669   -2.938909257   76.730325398
    2.330859066   -2.938909257   77.785682800
    2.533542463   -2.938909257   72.667123349
    2.736225860   -2.938909257   60.023960596
    2.938909257   -2.938909257   47.234672984

   -3.141592654   -2.736225860   46.527220405
   -2.938909257   -2.736225860   35.763063421
   -2.736225860   -2.736225860   30.930971443
   -2.533542463   -2.736225860   28.620209839
   -2.330859066   -2.736225860   28.317726515
   -2.128175669   -2.736225860   29.673636497
   -1.925492272   -2.736225860   30.446632357
   -1.722808875   -2.736225860   30.677751159
   -1.520125478   -2.736225860   30.678438785
   -1.317442081   -2.736225860   32.455409962
   -1.114758684   -2.736225860   37.242911648
   -0.912075287   -2.736225860   47.353378382
   -0.709391890   -2.736225860   59.970020280
   -0.506708493   -2.736225860   71.099053648
   -0.304025096   -2.736225860   75.480928286
   -0.101341699   -2.736225860   77.034293887
    0.101341699   -2.736225860   72.154493097
    0.304025096   -2.736225860   60.479165469
    0.506708493   -2.736225860   47.008656057
    0.709391890   -2.736225860   37.857831525
    0.912075287   -2.736225860   30.696470456
    1.114758684   -2.736225860   31.869067442
    1.317442081   -2.736225860   42.572660022
    1.520125478   -2.736225860   51.446526266
    1.722808875   -2.736225860   65.011716405
    1.925492272   -2.736225860   76.665660245
    2.128175669   -2.736225860   85.220435787
    2.330859066   -2.736225860   87.205101624
    2.533542463   -2.736225860   83.162533104
    2.736225860   -2.736225860   73.476937272
    2.938909257   -2.736225860   59.529492580

   -3.141592654   -2.533542463   57.429175536
   -2.938909257   -2.533542463   45.649903826
   -2.736225860   -2.533542463   39.670256663
   -2.533542463   -2.533542463   37.075699614
   -2.330859066   -2.533542463   36.988088051
   -2.128175669   -2.533542463   37.426662938
   -1.925492272   -2.533542463   37.773636080
   -1.722808875   -2.533542463   38.052850582
   -1.520125478   -2.533542463   38.466101000
   -1.317442081   -2.533542463   40.751188703
   -1.114758684   -2.533542463   47.407876534
   -0.912075287   -2.533542463   58.129281276
   -0.709391890   -2.533542463   70.981566151
   -0.506708493   -2.533542463   77.508775987
   -0.304025096   -2.533542463   79.403157217
   -0.101341699   -2.533542463   79.348861653
    0.101341699   -2.533542463   72.712606326
    0.304025096   -2.533542463   60.888283610
    0.506708493   -2.533542463   48.948761545
    0.709391890   -2.533542463   39.267375564
    0.912075287   -2.533542463   33.291850342
    1.114758684   -2.533542463   40.438791294
    1.317442081   -2.533542463   47.574117833
    1.520125478   -2.533542463   56.957202700
    1.722808875   -2.533542463   68.834232347
    1.925492272   -2.533542463   80.361437653
    2.128175669   -2.533542463   88.872280456
    2.330859066   -2.533542463   91.596442406
    2.533542463   -2.533542463   88.865248970
    2.736225860   -2.533542463   82.166966791
    2.938909257   -2.533542463   70.654597572

   -3.141592654   -2.330859066   64.696713972
   -2.938909257   -2.330859066   53.579332036
   -2.736225860   -2.330859066   46.179125547
   -2.533542463   -2.330859066   43.318874528
   -2.330859066   -2.330859066   42.929358078
   -2.128175669   -2.330859066   43.123264889
   -1.925492272   -2.330859066   43.200858605
   -1.722808875   -2.330859066   42.941464743
   -1.520125478   -2.330859066   44.552520056
   -1.317442081   -2.330859066   47.112126217
   -1.114758684   -2.330859066   53.937343763
   -0.912075287   -2.330859066   64.284450036
   -0.709391890   -2.330859066   73.719766461
   -0.506708493   -2.330859066   79.258036021
   -0.304025096   -2.330859066   79.399583709
   -0.101341699   -2.330859066   77.145812172
    0.101341699   -2.330859066   70.163343636
    0.304025096   -2.330859066   59.478407860
    0.506708493   -2.330859066   50.006000620
    0.709391890   -2.330859066   41.138281116
    0.912075287   -2.330859066   36.585161082
    1.114758684   -2.330859066   43.299457701
    1.317442081   -2.330859066   49.989860525
    1.520125478   -2.330859066   59.476335544
    1.722808875   -2.330859066   70.027383442
    1.925492272   -2.330859066   81.678058395
    2.128175669   -2.330859066   89.823365415
    2.330859066   -2.330859066   93.126332678
    2.533542463   -2.330859066   91.184201768
    2.736225860   -2.330859066   85.945119861
    2.938909257   -2.330859066   76.650452871

   -3.141592654   -2.128175669   66.342307613
   -2.938909257   -2.128175669   56.327101315
   -2.736225860   -2.128175669   49.130292403
   -2.533542463   -2.128175669   45.539098327
   -2.330859066   -2.128175669   44.224145962
   -2.128175669   -2.128175669   44.187258441
   -1.925492272   -2.128175669   44.803681418
   -1.722808875   -2.128175669   45.146996803
   -1.520125478   -2.128175669   46.234886100
   -1.317442081   -2.128175669   49.168543687
   -1.114758684   -2.128175669   54.010944883
   -0.912075287   -2.128175669   61.318075652
   -0.709391890   -2.128175669   69.039758994
   -0.506708493   -2.128175669   73.939118221
   -0.304025096   -2.128175669   74.509716378
   -0.101341699   -2.128175669   70.914142400
    0.101341699   -2.128175669   64.248815062
    0.304025096   -2.128175669   56.688520784
    0.506708493   -2.128175669   49.089879634
    0.709391890   -2.128175669   43.295757172
    0.912075287   -2.128175669   41.284581972
    1.114758684   -2.128175669   43.216496423
    1.317442081   -2.128175669   49.065728881
    1.520125478   -2.128175669   57.790684027
    1.722808875   -2.128175669   68.443883549
    1.925492272   -2.128175669   79.884234466
    2.128175669   -2.128175669   89.038336374
    2.330859066   -2.128175669   93.462050292
    2.533542463   -2.128175669   92.242480262
    2.736225860   -2.128175669   86.508601109
    2.938909257   -2.128175669   77.225796083

   -3.141592654   -1.925492272   63.104884187
   -2.938909257   -1.925492272   53.959897925
   -2.736225860   -1.925492272   47.385271404
   -2.533542463   -1.925492272   43.902380792
   -2.330859066   -1.925492272   42.997314402
   -2.128175669   -1.925492272   42.906935948
   -1.925492272   -1.925492272   43.538192882
   -1.722808875   -1.925492272   43.556827842
   -1.520125478   -1.925492272   44.150420003
   -1.317442081   -1.925492272   45.678499311
   -1.114758684   -1.925492272   49.317059890
   -0.912075287   -1.925492272   55.522314326
   -0.709391890   -1.925492272   61.029734795
   -0.506708493   -1.925492272   64.844915487
   -0.304025096   -1.925492272   64.807582522
   -0.101341699   -1.925492272   61.640534141
    0.101341699   -1.925492272   57.497364723
    0.304025096   -1.925492272   51.860237799
    0.506708493   -1.925492272   46.185103331
    0.709391890   -1.925492272   41.861566171
    0.912075287   -1.925492272   39.959989379
    1.114758684   -1.925492272   41.972719014
    1.317442081   -1.925492272   47.047967113
    1.520125478   -1.925492272   55.168334746
    1.722808875   -1.925492272   65.249421201
    1.925492272   -1.925492272   75.989127408
    2.128175669   -1.925492272   85.634058758
    2.330859066   -1.925492272   90.490207244
    2.533542463   -1.925492272   89.012434017
    2.736225860   -1.925492272   82.977701408
    2.938909257   -1.925492272   73.923317672

   -3.141592654   -1.722808875   57.953509668
   -2.938909257   -1.722808875   49.557123453
   -2.736225860   -1.722808875   43.425622500
   -2.533542463   -1.722808875   40.139937022
   -2.330859066   -1.722808875   38.730977581
   -2.128175669   -1.722808875   39.265684076
   -1.925492272   -1.722808875   39.912861019
   -1.722808875   -1.722808875   40.328988797
   -1.520125478   -1.722808875   40.366060498
   -1.317442081   -1.722808875   40.715460388
   -1.114758684   -1.722808875   43.798344366
   -0.912075287   -1.722808875   47.412823233
   -0.709391890   -1.722808875   51.237799241
   -0.506708493   -1.722808875   54.407875886
   -0.304025096   -1.722808875   55.128558566
   -0.101341699   -1.722808875   54.178054563
    0.101341699   -1.722808875   51.244038711
    0.304025096   -1.722808875   47.451754333
    0.506708493   -1.722808875   44.379404616
    0.709391890   -1.722808875   42.376427386
    0.912075287   -1.722808875   41.962578330
    1.114758684   -1.722808875   43.154278242
    1.317442081   -1.722808875   47.562295661
    1.520125478   -1.722808875   54.688797658
    1.722808875   -1.722808875   62.451140304
    1.925492272   -1.722808875   71.779179664
    2.128175669   -1.722808875   81.214258286
    2.330859066   -1.722808875   85.712374063
    2.533542463   -1.722808875   84.007092271
    2.736225860   -1.722808875   77.422981476
    2.938909257   -1.722808875   67.854260861

   -3.141592654   -1.520125478   51.760275748
   -2.938909257   -1.520125478   43.948355740
   -2.736225860   -1.520125478   38.270431669
   -2.533542463   -1.520125478   35.230841380
   -2.330859066   -1.520125478   34.556647296
   -2.128175669   -1.520125478   34.832950061
   -1.925492272   -1.520125478   35.680019224
   -1.722808875   -1.520125478   35.835315007
   -1.520125478   -1.520125478   33.743581585
   -1.317442081   -1.520125478   32.311931425
   -1.114758684   -1.520125478   34.818474838
   -0.912075287   -1.520125478   39.071505301
   -0.709391890   -1.520125478   43.270668971
   -0.506708493   -1.520125478   45.631304421
   -0.304025096   -1.520125478   47.519504884
   -0.101341699   -1.520125478   47.361740811
    0.101341699   -1.520125478   44.889695494
    0.304025096   -1.520125478   44.778058215
    0.506708493   -1.520125478   45.194711735
    0.709391890   -1.520125478   45.938473812
    0.912075287   -1.520125478   47.104481178
    1.114758684   -1.520125478   48.908904299
    1.317442081   -1.520125478   50.957943468
    1.520125478   -1.520125478   55.633928085
    1.722808875   -1.520125478   60.747619484
    1.925492272   -1.520125478   68.205008227
    2.128175669   -1.520125478   76.777584930
    2.330859066   -1.520125478   80.243637676
    2.533542463   -1.520125478   78.177514039
    2.736225860   -1.520125478   70.979636966
    2.938909257   -1.520125478   61.249248587

   -3.141592654   -1.317442081   45.339689970
   -2.938909257   -1.317442081   37.825630187
   -2.736225860   -1.317442081   32.809948792
   -2.533542463   -1.317442081   30.981416519
   -2.330859066   -1.317442081   30.723898005
   -2.128175669   -1.317442081   31.915351072
   -1.925492272   -1.317442081   32.080572244
   -1.722808875   -1.317442081   31.377159469
   -1.520125478   -1.317442081   28.704111229
   -1.317442081   -1.317442081   28.305877428
   -1.114758684   -1.317442081   28.734857531
   -0.912075287   -1.317442081   30.551325652
   -0.709391890   -1.317442081   32.500715885
   -0.506708493   -1.317442081   36.563765627
   -0.304025096   -1.317442081   40.860863356
   -0.101341699   -1.317442081   42.265170760
    0.101341699   -1.317442081   43.279874179
    0.304025096   -1.317442081   46.517359690
    0.506708493   -1.317442081   50.832459179
    0.709391890   -1.317442081   53.705558119
    0.912075287   -1.317442081   56.170836677
    1.114758684   -1.317442081   55.867945091
    1.317442081   -1.317442081   56.364116925
    1.520125478   -1.317442081   56.794575489
    1.722808875   -1.317442081   60.022644361
    1.925492272   -1.317442081   65.704557030
    2.128175669   -1.317442081   72.834503138
    2.330859066   -1.317442081   75.031579036
    2.533542463   -1.317442081   72.029448647
    2.736225860   -1.317442081   64.314171109
    2.938909257   -1.317442081   54.883469072

   -3.141592654   -1.114758684   39.460949183
   -2.938909257   -1.114758684   33.312604456
   -2.736225860   -1.114758684   28.332013310
   -2.533542463   -1.114758684   27.645831276
   -2.330859066   -1.114758684   28.564532676
   -2.128175669   -1.114758684   29.219954794
   -1.925492272   -1.114758684   28.649759573
   -1.722808875   -1.114758684   27.606558441
   -1.520125478   -1.114758684   26.557044118
   -1.317442081   -1.114758684   24.957296669
   -1.114758684   -1.114758684   24.558824867
   -0.912075287   -1.114758684   25.169456005
   -0.709391890   -1.114758684   25.062685069
   -0.506708493   -1.114758684   29.919213987
   -0.304025096   -1.114758684   35.989714210
   -0.101341699   -1.114758684   41.335005172
    0.101341699   -1.114758684   47.770019738
    0.304025096   -1.114758684   54.195725741
    0.506708493   -1.114758684   60.066693164
    0.709391890   -1.114758684   64.013410103
    0.912075287   -1.114758684   64.174023009
    1.114758684   -1.114758684   62.950987093
    1.317442081   -1.114758684   59.510229624
    1.520125478   -1.114758684   56.968506553
    1.722808875   -1.114758684   58.383775360
    1.925492272   -1.114758684   63.195758689
    2.128175669   -1.114758684   69.009223365
    2.330859066   -1.114758684   70.802027627
    2.533542463   -1.114758684   67.084125466
    2.736225860   -1.114758684   59.096468632
    2.938909257   -1.114758684   48.667592398

   -3.141592654   -0.912075287   35.539188299
   -2.938909257   -0.912075287   30.661482913
   -2.736225860   -0.912075287   26.403082458
   -2.533542463   -0.912075287   25.495906858
   -2.330859066   -0.912075287   26.317006614
   -2.128175669   -0.912075287   26.730652840
   -1.925492272   -0.912075287   25.812925495
   -1.722808875   -0.912075287   24.263882162
   -1.520125478   -0.912075287   21.636792986
   -1.317442081   -0.912075287   19.844416510
   -1.114758684   -0.912075287   19.745547084
   -0.912075287   -0.912075287   20.254070103
   -0.709391890   -0.912075287   23.200893841
   -0.506708493   -0.912075287   29.057178642
   -0.304025096   -0.912075287   36.990937415
   -0.101341699   -0.912075287   46.252910555
    0.101341699   -0.912075287   56.459168804
    0.304025096   -0.912075287   65.683407983
    0.506708493   -0.912075287   72.350322181
    0.709391890   -0.912075287   72.863714542
    0.912075287   -0.912075287   70.459385565
    1.114758684   -0.912075287   67.016118957
    1.317442081   -0.912075287   60.710298068
    1.520125478   -0.912075287   57.074982125
    1.722808875   -0.912075287   57.670256436
    1.925492272   -0.912075287   62.471866826
    2.128175669   -0.912075287   66.936304749
    2.330859066   -0.912075287   68.757819437
    2.533542463   -0.912075287   64.591447341
    2.736225860   -0.912075287   56.206302666
    2.938909257   -0.912075287   43.725176845

   -3.141592654   -0.709391890   35.626235143
   -2.938909257   -0.709391890   29.652916568
   -2.736225860   -0.709391890   26.346223478
   -2.533542463   -0.709391890   25.194182184
   -2.330859066   -0.709391890   25.764283578
   -2.128175669   -0.709391890   25.520164160
   -1.925492272   -0.709391890   24.696153670
   -1.722808875   -0.709391890   22.696408135
   -1.520125478   -0.709391890   20.135584557
   -1.317442081   -0.709391890   18.403499685
   -1.114758684   -0.709391890   17.785031584
   -0.912075287   -0.709391890   19.053552971
   -0.709391890   -0.709391890   24.014230769
   -0.506708493   -0.709391890   32.682413532
   -0.304025096   -0.709391890   43.374682257
   -0.101341699   -0.709391890   56.440382540
    0.101341699   -0.709391890   69.737950217
    0.304025096   -0.709391890   77.839227582
    0.506708493   -0.709391890   79.936138616
    0.709391890   -0.709391890   75.966637489
    0.912075287   -0.709391890   70.849023747
    1.114758684   -0.709391890   68.162842587
    1.317442081   -0.709391890   60.940628005
    1.520125478   -0.709391890   56.788780819
    1.722808875   -0.709391890   58.229120297
    1.925492272   -0.709391890   62.237437508
    2.128175669   -0.709391890   66.945763432
    2.330859066   -0.709391890   68.429951097
    2.533542463   -0.709391890   63.883843142
    2.736225860   -0.709391890   54.860885787
    2.938909257   -0.709391890   43.189544760

   -3.141592654   -0.506708493   37.714454619
   -2.938909257   -0.506708493   31.736886964
   -2.736225860   -0.506708493   27.950286034
   -2.533542463   -0.506708493   26.790467155
   -2.330859066   -0.506708493   26.873847334
   -2.128175669   -0.506708493   26.017377376
   -1.925492272   -0.506708493   24.941886126
   -1.722808875   -0.506708493   22.949244958
   -1.520125478   -0.506708493   20.110516640
   -1.317442081   -0.506708493   18.869384175
   -1.114758684   -0.506708493   18.793081775
   -0.912075287   -0.506708493   22.074367229
   -0.709391890   -0.506708493   30.036665581
   -0.506708493   -0.506708493   41.284744064
   -0.304025096   -0.506708493   56.002325747
   -0.101341699   -0.506708493   71.120983281
    0.101341699   -0.506708493   80.013105020
    0.304025096   -0.506708493   82.898045352
    0.506708493   -0.506708493   82.742812096
    0.709391890   -0.506708493   78.370952582
    0.912075287   -0.506708493   72.454471750
    1.114758684   -0.506708493   65.194941894
    1.317442081   -0.506708493   57.481420213
    1.520125478   -0.506708493   54.506907450
    1.722808875   -0.506708493   57.506795864
    1.925492272   -0.506708493   63.548513037
    2.128175669   -0.506708493   69.080523637
    2.330859066   -0.506708493   70.401372551
    2.533542463   -0.506708493   66.398517291
    2.736225860   -0.506708493   56.672137747
    2.938909257   -0.506708493   45.248045674

   -3.141592654   -0.304025096   41.674981803
   -2.938909257   -0.304025096   35.125010204
   -2.736225860   -0.304025096   30.518786076
   -2.533542463   -0.304025096   29.255023949
   -2.330859066   -0.304025096   28.592242918
   -2.128175669   -0.304025096   27.801626848
   -1.925492272   -0.304025096   26.894306059
   -1.722808875   -0.304025096   24.494313754
   -1.520125478   -0.304025096   22.669665768
   -1.317442081   -0.304025096   22.094476139
   -1.114758684   -0.304025096   23.533360777
   -0.912075287   -0.304025096   29.035098422
   -0.709391890   -0.304025096   39.704989109
   -0.506708493   -0.304025096   54.937875406
   -0.304025096   -0.304025096   71.333714658
   -0.101341699   -0.304025096   80.100736110
    0.101341699   -0.304025096   83.031435038
    0.304025096   -0.304025096   84.833428487
    0.506708493   -0.304025096   83.048086029
    0.709391890   -0.304025096   76.590857131
    0.912075287   -0.304025096   64.585216026
    1.114758684   -0.304025096   54.517355821
    1.317442081   -0.304025096   49.135682499
    1.520125478   -0.304025096   50.027819585
    1.722808875   -0.304025096   56.187566340
    1.925492272   -0.304025096   65.293848274
    2.128175669   -0.304025096   72.429431114
    2.330859066   -0.304025096   74.842044983
    2.533542463   -0.304025096   71.134481210
    2.736225860   -0.304025096   62.430869996
    2.938909257   -0.304025096   50.351309987

   -3.141592654   -0.101341699   48.101914427
   -2.938909257   -0.101341699   39.214211008
   -2.736225860   -0.101341699   33.057743393
   -2.533542463   -0.101341699   30.660518786
   -2.330859066   -0.101341699   29.512726894
   -2.128175669   -0.101341699   28.895671051
   -1.925492272   -0.101341699   27.566698597
   -1.722808875   -0.101341699   25.984506308
   -1.520125478   -0.101341699   25.320553577
   -1.317442081   -0.101341699   26.826343645
   -1.114758684   -0.101341699   31.058206913
   -0.912075287   -0.101341699   39.654289589
   -0.709391890   -0.101341699   54.290492935
   -0.506708493   -0.101341699   71.015011392
   -0.304025096   -0.101341699   80.728719111
   -0.101341699   -0.101341699   83.376448947
    0.101341699   -0.101341699   84.542914242
    0.304025096   -0.101341699   83.208134194
    0.506708493   -0.101341699   79.599474512
    0.709391890   -0.101341699   64.813865189
    0.912075287   -0.101341699   50.474173778
    1.114758684   -0.101341699   42.710299028
    1.317442081   -0.101341699   41.676171199
    1.520125478   -0.101341699   46.426579194
    1.722808875   -0.101341699   55.506820358
    1.925492272   -0.101341699   66.486164574
    2.128175669   -0.101341699   75.759914407
    2.330859066   -0.101341699   79.035474672
    2.533542463   -0.101341699   76.087927085
    2.736225860   -0.101341699   68.499624308
    2.938909257   -0.101341699   58.071308839

   -3.141592654    0.101341699   49.998610972
   -2.938909257    0.101341699   39.253325073
   -2.736225860    0.101341699   32.454959369
   -2.533542463    0.101341699   29.823289514
   -2.330859066    0.101341699   28.277586601
   -2.128175669    0.101341699   27.178711191
   -1.925492272    0.101341699   26.234668046
   -1.722808875    0.101341699   26.360773739
   -1.520125478    0.101341699   27.755870086
   -1.317442081    0.101341699   33.048402658
   -1.114758684    0.101341699   40.979210353
   -0.912075287    0.101341699   53.811133115
   -0.709391890    0.101341699   69.265798216
   -0.506708493    0.101341699   80.058325950
   -0.304025096    0.101341699   83.344800794
   -0.101341699    0.101341699   84.755739685
    0.101341699    0.101341699   81.823406135
    0.304025096    0.101341699   78.706474599
    0.506708493    0.101341699   66.351757219
    0.709391890    0.101341699   49.250116437
    0.912075287    0.101341699   37.262282947
    1.114758684    0.101341699   32.910610164
    1.317442081    0.101341699   33.969236519
    1.520125478    0.101341699   41.972115304
    1.722808875    0.101341699   54.838512246
    1.925492272    0.101341699   66.747283407
    2.128175669    0.101341699   77.475665699
    2.330859066    0.101341699   81.496931260
    2.533542463    0.101341699   79.966591593
    2.736225860    0.101341699   72.966443728
    2.938909257    0.101341699   61.624140753

   -3.141592654    0.304025096   46.597297608
   -2.938909257    0.304025096   35.973645977
   -2.736225860    0.304025096   29.458387458
   -2.533542463    0.304025096   26.371961856
   -2.330859066    0.304025096   25.677581818
   -2.128175669    0.304025096   25.508010456
   -1.925492272    0.304025096   26.110382734
   -1.722808875    0.304025096   26.605574588
   -1.520125478    0.304025096   31.507686513
   -1.317442081    0.304025096   40.872001670
   -1.114758684    0.304025096   52.356393668
   -0.912075287    0.304025096   67.064402323
   -0.709391890    0.304025096   77.845680006
   -0.506708493    0.304025096   83.108251291
   -0.304025096    0.304025096   84.543343019
   -0.101341699    0.304025096   83.858712074
    0.101341699    0.304025096   79.072516644
    0.304025096    0.304025096   68.406107272
    0.506708493    0.304025096   50.069738221
    0.709391890    0.304025096   35.610008319
    0.912075287    0.304025096   26.969457795
    1.114758684    0.304025096   26.165917642
    1.317442081    0.304025096   28.735261410
    1.520125478    0.304025096   39.241061726
    1.722808875    0.304025096   53.159663198
    1.925492272    0.304025096   65.920093914
    2.128175669    0.304025096   77.017084735
    2.330859066    0.304025096   81.670908783
    2.533542463    0.304025096   80.443497491
    2.736225860    0.304025096   72.419134487
    2.938909257    0.304025096   59.763914118

   -3.141592654    0.506708493   41.732912613
   -2.938909257    0.506708493   31.850737773
   -2.736225860    0.506708493   25.025050333
   -2.533542463    0.506708493   22.876768064
   -2.330859066    0.506708493   22.476015216
   -2.128175669    0.506708493   21.980254423
   -1.925492272    0.506708493   22.692134944
   -1.722808875    0.506708493   27.934382775
   -1.520125478    0.506708493   37.243154718
   -1.317442081    0.506708493   49.328061652
   -1.114758684    0.506708493   63.354313540
   -0.912075287    0.506708493   72.969017779
   -0.709391890    0.506708493   77.976241738
   -0.506708493    0.506708493   82.987395061
   -0.304025096    0.506708493   82.077247574
   -0.101341699    0.506708493   80.832072603
    0.101341699    0.506708493   69.024226807
    0.304025096    0.506708493   51.906358467
    0.506708493    0.506708493   35.134189630
    0.709391890    0.506708493   24.917708488
    0.912075287    0.506708493   17.265215969
    1.114758684    0.506708493   20.536752700
    1.317442081    0.506708493   27.305943656
    1.520125478    0.506708493   37.486933721
    1.722808875    0.506708493   50.951745392
    1.925492272    0.506708493   64.063410713
    2.128175669    0.506708493   74.787132589
    2.330859066    0.506708493   79.144062886
    2.533542463    0.506708493   77.072150419
    2.736225860    0.506708493   67.760792714
    2.938909257    0.506708493   55.149317862

   -3.141592654    0.709391890   37.080473006
   -2.938909257    0.709391890   27.728119168
   -2.736225860    0.709391890   21.730862070
   -2.533542463    0.709391890   19.376301050
   -2.330859066    0.709391890   19.023086081
   -2.128175669    0.709391890   17.363615785
   -1.925492272    0.709391890   20.188852681
   -1.722808875    0.709391890   28.244707233
   -1.520125478    0.709391890   38.555714717
   -1.317442081    0.709391890   52.901421484
   -1.114758684    0.709391890   64.576619820
   -0.912075287    0.709391890   70.154267688
   -0.709391890    0.709391890   76.074428203
   -0.506708493    0.709391890   78.320864239
   -0.304025096    0.709391890   77.179842087
   -0.101341699    0.709391890   68.270110525
    0.101341699    0.709391890   53.096107837
    0.304025096    0.709391890   37.167287849
    0.506708493    0.709391890   24.959948704
    0.709391890    0.709391890   15.042416444
    0.912075287    0.709391890    6.393651844
    1.114758684    0.709391890   15.220463202
    1.317442081    0.709391890   26.088283465
    1.520125478    0.709391890   36.669879454
    1.722808875    0.709391890   49.490197052
    1.925492272    0.709391890   61.958601612
    2.128175669    0.709391890   72.184683815
    2.330859066    0.709391890   75.941043027
    2.533542463    0.709391890   72.253106027
    2.736225860    0.709391890   62.500773021
    2.938909257    0.709391890   49.835764845

   -3.141592654    0.912075287   33.248477406
   -2.938909257    0.912075287   23.491248508
   -2.736225860    0.912075287   18.694759635
   -2.533542463    0.912075287   16.407231658
   -2.330859066    0.912075287   16.326583880
   -2.128175669    0.912075287   16.916911185
   -1.925492272    0.912075287   19.273213528
   -1.722808875    0.912075287   26.516259891
   -1.520125478    0.912075287   36.632536375
   -1.317442081    0.912075287   50.151723473
   -1.114758684    0.912075287   62.414092808
   -0.912075287    0.912075287   69.119648953
   -0.709391890    0.912075287   71.722206847
   -0.506708493    0.912075287   71.752540133
   -0.304025096    0.912075287   64.934072219
   -0.101341699    0.912075287   52.592162017
    0.101341699    0.912075287   38.826102001
    0.304025096    0.912075287   26.684325801
    0.506708493    0.912075287   17.790882934
    0.709391890    0.912075287    8.257497868
    0.912075287    0.912075287    7.151215215
    1.114758684    0.912075287   14.615250880
    1.317442081    0.912075287   24.702311381
    1.520125478    0.912075287   35.695515092
    1.722808875    0.912075287   48.548548304
    1.925492272    0.912075287   60.481677586
    2.128175669    0.912075287   69.861468278
    2.330859066    0.912075287   72.648777888
    2.533542463    0.912075287   68.015630186
    2.736225860    0.912075287   58.312400617
    2.938909257    0.912075287   45.365427061

   -3.141592654    1.114758684   30.671364576
   -2.938909257    1.114758684   21.857349494
   -2.736225860    1.114758684   17.488533445
   -2.533542463    1.114758684   15.054759442
   -2.330859066    1.114758684   14.609201531
   -2.128175669    1.114758684   15.502735433
   -1.925492272    1.114758684   18.143791396
   -1.722808875    1.114758684   23.720710903
   -1.520125478    1.114758684   32.444051551
   -1.317442081    1.114758684   43.671976693
   -1.114758684    1.114758684   53.208895289
   -0.912075287    1.114758684   57.895685040
   -0.709391890    1.114758684   59.845770970
   -0.506708493    1.114758684   56.457251844
   -0.304025096    1.114758684   49.014735423
   -0.101341699    1.114758684   38.033056444
    0.101341699    1.114758684   28.080502074
    0.304025096    1.114758684   21.122147433
    0.506708493    1.114758684   15.452410433
    0.709391890    1.114758684   12.107554982
    0.912075287    1.114758684   11.783120248
    1.114758684    1.114758684   16.568366962
    1.317442081    1.114758684   25.455771757
    1.520125478    1.114758684   35.709536483
    1.722808875    1.114758684   48.429115749
    1.925492272    1.114758684   60.276163327
    2.128175669    1.114758684   68.153109953
    2.330859066    1.114758684   69.492333936
    2.533542463    1.114758684   64.533590879
    2.736225860    1.114758684   53.976713210
    2.938909257    1.114758684   41.664782138

   -3.141592654    1.317442081   29.252406291
   -2.938909257    1.317442081   21.226295679
   -2.736225860    1.317442081   16.342182699
   -2.533542463    1.317442081   14.491828219
   -2.330859066    1.317442081   13.172432614
   -2.128175669    1.317442081   14.809929499
   -1.925492272    1.317442081   17.314526532
   -1.722808875    1.317442081   21.691182349
   -1.520125478    1.317442081   28.204060795
   -1.317442081    1.317442081   35.933328583
   -1.114758684    1.317442081   42.130386078
   -0.912075287    1.317442081   45.661223253
   -0.709391890    1.317442081   44.840026072
   -0.506708493    1.317442081   41.487892502
   -0.304025096    1.317442081   35.206982456
   -0.101341699    1.317442081   28.761799267
    0.101341699    1.317442081   23.859474134
    0.304025096    1.317442081   20.300702684
    0.506708493    1.317442081   14.725400402
    0.709391890    1.317442081   12.154369862
    0.912075287    1.317442081   14.776962956
    1.114758684    1.317442081   19.031078527
    1.317442081    1.317442081   26.864694334
    1.520125478    1.317442081   36.517188155
    1.722808875    1.317442081   49.018021502
    1.925492272    1.317442081   59.561553854
    2.128175669    1.317442081   67.022765104
    2.330859066    1.317442081   67.197187414
    2.533542463    1.317442081   61.526441123
    2.736225860    1.317442081   50.999566909
    2.938909257    1.317442081   38.634783242

   -3.141592654    1.520125478   28.559254053
   -2.938909257    1.520125478   20.718315409
   -2.736225860    1.520125478   16.813875993
   -2.533542463    1.520125478   15.008101013
   -2.330859066    1.520125478   13.688747157
   -2.128175669    1.520125478   14.572192958
   -1.925492272    1.520125478   15.138038601
   -1.722808875    1.520125478   18.461662260
   -1.520125478    1.520125478   23.054400615
   -1.317442081    1.520125478   27.238466160
   -1.114758684    1.520125478   30.161932317
   -0.912075287    1.520125478   30.929365001
   -0.709391890    1.520125478   31.762890675
   -0.506708493    1.520125478   28.955127778
   -0.304025096    1.520125478   27.049822668
   -0.101341699    1.520125478   26.268008065
    0.101341699    1.520125478   23.839685904
    0.304025096    1.520125478   21.970873220
    0.506708493    1.520125478   17.645576939
    0.709391890    1.520125478   16.691718135
    0.912075287    1.520125478   17.699080527
    1.114758684    1.520125478   20.553222127
    1.317442081    1.520125478   27.886111977
    1.520125478    1.520125478   37.420174441
    1.722808875    1.520125478   48.590314441
    1.925492272    1.520125478   58.599697251
    2.128175669    1.520125478   65.188280219
    2.330859066    1.520125478   65.380757173
    2.533542463    1.520125478   59.645688168
    2.736225860    1.520125478   48.813010307
    2.938909257    1.520125478   38.080101524

   -3.141592654    1.722808875   27.691463061
   -2.938909257    1.722808875   20.490843227
   -2.736225860    1.722808875   16.596676080
   -2.533542463    1.722808875   14.624712899
   -2.330859066    1.722808875   14.311455017
   -2.128175669    1.722808875   14.004428132
   -1.925492272    1.722808875   15.178915626
   -1.722808875    1.722808875   16.035306205
   -1.520125478    1.722808875   18.131552326
   -1.317442081    1.722808875   19.049659168
   -1.114758684    1.722808875   20.448434887
   -0.912075287    1.722808875   21.873260730
   -0.709391890    1.722808875   21.799459165
   -0.506708493    1.722808875   24.161828269
   -0.304025096    1.722808875   25.358466223
   -0.101341699    1.722808875   26.361797128
    0.101341699    1.722808875   26.809035862
    0.304025096    1.722808875   25.271838797
    0.506708493    1.722808875   23.310622437
    0.709391890    1.722808875   21.386025191
    0.912075287    1.722808875   20.266474412
    1.114758684    1.722808875   22.531395684
    1.317442081    1.722808875   28.426603984
    1.520125478    1.722808875   37.910890897
    1.722808875    1.722808875   48.373531441
    1.925492272    1.722808875   57.892711500
    2.128175669    1.722808875   63.548724422
    2.330859066    1.722808875   63.931336623
    2.533542463    1.722808875   57.693813390
    2.736225860    1.722808875   47.404773076
    2.938909257    1.722808875   36.859725725

   -3.141592654    1.925492272   26.321649122
   -2.938909257    1.925492272   19.103015162
   -2.736225860    1.925492272   14.816379161
   -2.533542463    1.925492272   14.391648501
   -2.330859066    1.925492272   13.568001112
   -2.128175669    1.925492272   13.208763192
   -1.925492272    1.925492272   13.500405938
   -1.722808875    1.925492272   13.468439924
   -1.520125478    1.925492272   13.008913294
   -1.317442081    1.925492272   12.957728373
   -1.114758684    1.925492272   10.620421718
   -0.912075287    1.925492272    1.522335208
   -0.709391890    1.925492272   10.055842616
   -0.506708493    1.925492272   20.840026945
   -0.304025096    1.925492272   24.273594150
   -0.101341699    1.925492272   26.899011354
    0.101341699    1.925492272   28.773589538
    0.304025096    1.925492272   29.050919276
    0.506708493    1.925492272   26.941556346
    0.709391890    1.925492272   24.543425149
    0.912075287    1.925492272   22.462137229
    1.114758684    1.925492272   22.794386635
    1.317442081    1.925492272   27.575861978
    1.520125478    1.925492272   37.056480251
    1.722808875    1.925492272   46.992042308
    1.925492272    1.925492272   56.399711540
    2.128175669    1.925492272   62.054930556
    2.330859066    1.925492272   61.711665647
    2.533542463    1.925492272   55.056532231
    2.736225860    1.925492272   45.505498892
    2.938909257    1.925492272   35.133922432

   -3.141592654    2.128175669   23.209211176
   -2.938909257    2.128175669   13.357229632
   -2.736225860    2.128175669    3.070917421
   -2.533542463    2.128175669    9.088151695
   -2.330859066    2.128175669   12.256378543
   -2.128175669    2.128175669   12.453990855
   -1.925492272    2.128175669   12.550863155
   -1.722808875    2.128175669   11.277805616
   -1.520125478    2.128175669   10.104293235
   -1.317442081    2.128175669   10.258751213
   -1.114758684    2.128175669    5.378689014
   -0.912075287    2.128175669    1.765367367
   -0.709391890    2.128175669   12.312553094
   -0.506708493    2.128175669   18.521018415
   -0.304025096    2.128175669   24.641614377
   -0.101341699    2.128175669   28.632416060
    0.101341699    2.128175669   32.276556129
    0.304025096    2.128175669   33.129831496
    0.506708493    2.128175669   31.335996553
    0.709391890    2.128175669   27.122769518
    0.912075287    2.128175669   22.596054598
    1.114758684    2.128175669   22.345510233
    1.317442081    2.128175669   26.138123102
    1.520125478    2.128175669   33.928518081
    1.722808875    2.128175669   44.065301242
    1.925492272    2.128175669   53.296661323
    2.128175669    2.128175669   59.137526168
    2.330859066    2.128175669   58.617890339
    2.533542463    2.128175669   53.149180705
    2.736225860    2.128175669   43.150221694
    2.938909257    2.128175669   32.373191332

   -3.141592654    2.330859066   19.081682273
   -2.938909257    2.330859066    9.954338230
   -2.736225860    2.330859066    0.000000000
   -2.533542463    2.330859066    5.847885297
   -2.330859066    2.330859066    8.638506498
   -2.128175669    2.330859066    9.353360510
   -1.925492272    2.330859066   10.094996943
   -1.722808875    2.330859066    8.826766327
   -1.520125478    2.330859066    7.203223715
   -1.317442081    2.330859066    5.542997151
   -1.114758684    2.330859066    6.102705915
   -0.912075287    2.330859066    8.681516298
   -0.709391890    2.330859066   11.671191641
   -0.506708493    2.330859066   16.527974992
   -0.304025096    2.330859066   24.542796065
   -0.101341699    2.330859066   30.546858609
    0.101341699    2.330859066   35.360373324
    0.304025096    2.330859066   36.316313803
    0.506708493    2.330859066   33.592431608
    0.709391890    2.330859066   26.980981441
    0.912075287    2.330859066   21.763858093
    1.114758684    2.330859066   19.428603161
    1.317442081    2.330859066   23.036484654
    1.520125478    2.330859066   30.897818172
    1.722808875    2.330859066   41.221751416
    1.925492272    2.330859066   50.362878763
    2.128175669    2.330859066   55.235188268
    2.330859066    2.330859066   55.968867188
    2.533542463    2.330859066   49.826112255
    2.736225860    2.330859066   40.037321473
    2.938909257    2.330859066   28.870873245

   -3.141592654    2.533542463   12.871683077
   -2.938909257    2.533542463    9.827272435
   -2.736225860    2.533542463    6.150052976
   -2.533542463    2.533542463    5.082267291
   -2.330859066    2.533542463    5.191253949
   -2.128175669    2.533542463    6.602187016
   -1.925492272    2.533542463    6.602281641
   -1.722808875    2.533542463    6.678908152
   -1.520125478    2.533542463    4.074060975
   -1.317442081    2.533542463    2.828584011
   -1.114758684    2.533542463    2.631359557
   -0.912075287    2.533542463    4.960805605
   -0.709391890    2.533542463   10.922077344
   -0.506708493    2.533542463   17.952872509
   -0.304025096    2.533542463   26.292243184
   -0.101341699    2.533542463   34.253854456
    0.101341699    2.533542463   39.568117429
    0.304025096    2.533542463   40.182433110
    0.506708493    2.533542463   34.418200525
    0.709391890    2.533542463   26.072268358
    0.912075287    2.533542463   18.989817479
    1.114758684    2.533542463   17.134006080
    1.317442081    2.533542463   20.948484909
    1.520125478    2.533542463   27.878325605
    1.722808875    2.533542463   38.241420350
    1.925492272    2.533542463   48.122627603
    2.128175669    2.533542463   53.474666564
    2.330859066    2.533542463   53.859156045
    2.533542463    2.533542463   47.174746249
    2.736225860    2.533542463   37.574068835
    2.938909257    2.533542463   23.784410990

   -3.141592654    2.736225860    8.941168765
   -2.938909257    2.736225860    8.928448000
   -2.736225860    2.736225860    4.206097777
   -2.533542463    2.736225860    4.279414302
   -2.330859066    2.736225860    4.418934375
   -2.128175669    2.736225860    5.320262349
   -1.925492272    2.736225860    4.150563609
   -1.722808875    2.736225860    5.520714166
   -1.520125478    2.736225860    3.666537737
   -1.317442081    2.736225860    2.903751048
   -1.114758684    2.736225860    3.943023851
   -0.912075287    2.736225860    7.523506621
   -0.709391890    2.736225860   12.719916860
   -0.506708493    2.736225860   22.154103394
   -0.304025096    2.736225860   31.678829344
   -0.101341699    2.736225860   40.606421125
    0.101341699    2.736225860   45.674567396
    0.304025096    2.736225860   44.895130840
    0.506708493    2.736225860   35.390368614
    0.709391890    2.736225860   25.688340141
    0.912075287    2.736225860   15.910846754
    1.114758684    2.736225860    9.857967705
    1.317442081    2.736225860   19.635056308
    1.520125478    2.736225860   28.231840722
    1.722808875    2.736225860   39.170794793
    1.925492272    2.736225860   49.266322704
    2.128175669    2.736225860   54.890709234
    2.330859066    2.736225860   54.880701391
    2.533542463    2.736225860   47.759275716
    2.736225860    2.736225860   38.468271628
    2.938909257    2.736225860   21.000995605

   -3.141592654    2.938909257   15.898824175
   -2.938909257    2.938909257   11.330646786
   -2.736225860    2.938909257    7.468511759
   -2.533542463    2.938909257    6.274194726
   -2.330859066    2.938909257    6.612422183
   -2.128175669    2.938909257    8.191689821
   -1.925492272    2.938909257    7.772303970
   -1.722808875    2.938909257    8.496678051
   -1.520125478    2.938909257    7.417110445
   -1.317442081    2.938909257    7.035113407
   -1.114758684    2.938909257    7.542496780
   -0.912075287    2.938909257   12.022055402
   -0.709391890    2.938909257   19.472988312
   -0.506708493    2.938909257   30.296435809
   -0.304025096    2.938909257   41.177358749
   -0.101341699    2.938909257   50.794738977
    0.101341699    2.938909257   54.133235330
    0.304025096    2.938909257   49.332933939
    0.506708493    2.938909257   36.930417957
    0.709391890    2.938909257   27.329748802
    0.912075287    2.938909257   12.456417095
    1.114758684    2.938909257    4.991087268
    1.317442081    2.938909257   22.885001352
    1.520125478    2.938909257   32.933573621
    1.722808875    2.938909257   44.254496181
    1.925492272    2.938909257   53.809356791
    2.128175669    2.938909257   60.631308335
    2.330859066    2.938909257   59.405421642
    2.533542463    2.938909257   52.458293349
    2.736225860    2.938909257   41.553316302
    2.938909257    2.938909257   28.989741918
