#! FIELDS phi psi b1.fes
#! SET min_phi -pi
#! SET max_phi pi
#! SET nbins_phi  31
#! SET periodic_phi true
#! SET min_psi -pi
#! SET max_psi pi
#! SET nbins_psi  31
#! SET periodic_psi true
   -3.141592654   -3.141592654   28.858585154
   -2.938909257   -3.141592654   21.945241881
   -2.736225860   -3.141592654   17.614337926
   -2.533542463   -3.141592654   17.368335649
   -2.330859066   -3.141592654   22.210716983
   -2.128175669   -3.141592654   23.304080973
   -1.925492272   -3.141592654   15.509294563
   -1.722808875   -3.141592654   14.504813815
   -1.520125478   -3.141592654   14.591979618
   -1.317442081   -3.141592654   11.293746431
   -1.114758684   -3.141592654   24.027969486
   -0.912075287   -3.141592654   28.584205783
   -0.709391890   -3.141592654   35.756674618
   -0.506708493   -3.141592654   51.305961601
   -0.304025096   -3.141592654   66.758038936
   -0.101341699   -3.141592654   70.145787615
    0.101341699   -3.141592654   71.941469990
    0.304025096   -3.141592654   68.492494797
    0.506708493   -3.141592654   54.921308358
    0.709391890   -3.141592654   45.339456220
    0.912075287   -3.141592654   31.762369916
    1.114758684   -3.141592654   32.897653551
    1.317442081   -3.141592654   45.023888178
    1.520125478   -3.141592654   52.847065094
    1.722808875   -3.141592654   66.310304310
    1.925492272   -3.141592654   76.170022823
    2.128175669   -3.141592654   83.672266512
    2.330859066   -3.141592654   81.317466723
    2.533542463   -3.141592654   79.249271271
    2.736225860   -3.141592654   66.440329788
    2.938909257   -3.141592654   52.751690178

   -3.141592654   -2.938909257   43.219406343
   -2.938909257   -2.938909257   28.564574077
   -2.736225860   -2.938909257   30.300993406
   -2.533542463   -2.938909257   28.056901207
   -2.330859066   -2.938909257   30.829225527
   -2.128175669   -2.938909257   28.134299578
   -1.925492272   -2.938909257   26.916335347
   -1.722808875   -2.938909257   29.660048922
   -1.520125478   -2.938909257   19.097014995
   -1.317442081   -2.938909257   23.751702238
   -1.114758684   -2.938909257   36.439855939
   -0.912075287   -2.938909257   41.250474097
   -0.709391890   -2.938909257   56.110619648
   -0.506708493   -2.938909257   67.628261596
   -0.304025096   -2.938909257   73.612595089
   -0.101341699   -2.938909257   76.279114391
    0.101341699   -2.938909257   78.621703956
    0.304025096   -2.938909257   72.679819429
    0.506708493   -2.938909257   59.647720016
    0.709391890   -2.938909257   48.724556295
    0.912075287   -2.938909257   40.213542549
    1.114758684   -2.938909257   37.520646373
    1.317442081   -2.938909257   48.208543156
    1.520125478   -2.938909257   57.104696915
    1.722808875   -2.938909257   72.862194972
    1.925492272   -2.938909257   83.554024614
    2.128175669   -2.938909257   89.132915948
    2.330859066   -2.938909257   88.825010680
    2.533542463   -2.938909257   87.324947076
    2.736225860   -2.938909257   75.512171974
    2.938909257   -2.938909257   64.169947699

   -3.141592654   -2.736225860   61.740901578
   -2.938909257   -2.736225860   45.535071832
   -2.736225860   -2.736225860   41.942021446
   -2.533542463   -2.736225860   38.618809592
   -2.330859066   -2.736225860   37.812150928
   -2.128175669   -2.736225860   38.884367504
   -1.925492272   -2.736225860   40.399179472
   -1.722808875   -2.736225860   40.583350003
   -1.520125478   -2.736225860   38.454413028
   -1.317442081   -2.736225860   39.390850845
   -1.114758684   -2.736225860   46.156764233
   -0.912075287   -2.736225860   57.056936388
   -0.709391890   -2.736225860   68.605722885
   -0.506708493   -2.736225860   74.465727499
   -0.304025096   -2.736225860   78.582062913
   -0.101341699   -2.736225860   81.392728044
    0.101341699   -2.736225860   81.364708156
    0.304025096   -2.736225860   76.293058899
    0.506708493   -2.736225860   63.498658833
    0.709391890   -2.736225860   55.313951786
    0.912075287   -2.736225860   42.140772672
    1.114758684   -2.736225860   42.998460083
    1.317442081   -2.736225860   56.607329118
    1.520125478   -2.736225860   62.623450803
    1.722808875   -2.736225860   79.987973993
    1.925492272   -2.736225860   93.181968910
    2.128175669   -2.736225860   96.492750437
    2.330859066   -2.736225860   97.185733717
    2.533542463   -2.736225860   93.080499775
    2.736225860   -2.736225860   86.858392009
    2.938909257   -2.736225860   74.315167823

   -3.141592654   -2.533542463   72.749096876
   -2.938909257   -2.533542463   59.097817854
   -2.736225860   -2.533542463   52.001623181
   -2.533542463   -2.533542463   49.297272836
   -2.330859066   -2.533542463   47.856091265
   -2.128175669   -2.533542463   47.776518693
   -1.925492272   -2.533542463   48.111689251
   -1.722808875   -2.533542463   46.111084082
   -1.520125478   -2.533542463   46.163488356
   -1.317442081   -2.533542463   47.398311460
   -1.114758684   -2.533542463   55.080436223
   -0.912075287   -2.533542463   66.629463510
   -0.709391890   -2.533542463   75.311392125
   -0.506708493   -2.533542463   80.397770369
   -0.304025096   -2.533542463   82.751281350
   -0.101341699   -2.533542463   84.021843736
    0.101341699   -2.533542463   83.696294873
    0.304025096   -2.533542463   77.371248784
    0.506708493   -2.533542463   65.399419570
    0.709391890   -2.533542463   54.203712472
    0.912075287   -2.533542463   43.238052827
    1.114758684   -2.533542463   55.359789469
    1.317442081   -2.533542463   62.481933310
    1.520125478   -2.533542463   70.313968989
    1.722808875   -2.533542463   84.950457864
    1.925492272   -2.533542463   96.122367546
    2.128175669   -2.533542463  100.051307982
    2.330859066   -2.533542463  100.765477304
    2.533542463   -2.533542463   97.335437577
    2.736225860   -2.533542463   91.326409150
    2.938909257   -2.533542463   82.927643472

   -3.141592654   -2.330859066   78.492817912
   -2.938909257   -2.330859066   68.267055238
   -2.736225860   -2.330859066   59.959077836
   -2.533542463   -2.330859066   55.748141672
   -2.330859066   -2.330859066   54.460724482
   -2.128175669   -2.330859066   53.071568656
   -1.925492272   -2.330859066   54.387327124
   -1.722808875   -2.330859066   51.655651706
   -1.520125478   -2.330859066   51.906324055
   -1.317442081   -2.330859066   53.074837046
   -1.114758684   -2.330859066   62.657814909
   -0.912075287   -2.330859066   72.844111319
   -0.709391890   -2.330859066   78.695921994
   -0.506708493   -2.330859066   83.398716457
   -0.304025096   -2.330859066   84.156181551
   -0.101341699   -2.330859066   84.683759299
    0.101341699   -2.330859066   83.866526551
    0.304025096   -2.330859066   76.834785578
    0.506708493   -2.330859066   68.291919451
    0.709391890   -2.330859066   55.517581636
    0.912075287   -2.330859066   48.360744846
    1.114758684   -2.330859066   59.929193587
    1.317442081   -2.330859066   64.859943288
    1.520125478   -2.330859066   75.329971727
    1.722808875   -2.330859066   87.502813627
    1.925492272   -2.330859066   97.522058933
    2.128175669   -2.330859066  101.189043028
    2.330859066   -2.330859066  102.337774503
    2.533542463   -2.330859066   99.347574236
    2.736225860   -2.330859066   93.886740041
    2.938909257   -2.330859066   86.628854177

   -3.141592654   -2.128175669   80.159816493
   -2.938909257   -2.128175669   69.806256051
   -2.736225860   -2.128175669   60.804571710
   -2.533542463   -2.128175669   56.189874685
   -2.330859066   -2.128175669   53.807380128
   -2.128175669   -2.128175669   53.958894531
   -1.925492272   -2.128175669   54.866436032
   -1.722808875   -2.128175669   54.721848617
   -1.520125478   -2.128175669   55.236628122
   -1.317442081   -2.128175669   59.566349377
   -1.114758684   -2.128175669   64.716932861
   -0.912075287   -2.128175669   70.796393379
   -0.709391890   -2.128175669   77.590664910
   -0.506708493   -2.128175669   82.057026330
   -0.304025096   -2.128175669   83.091094223
   -0.101341699   -2.128175669   82.575445815
    0.101341699   -2.128175669   79.676309961
    0.304025096   -2.128175669   73.590714403
    0.506708493   -2.128175669   65.869915949
    0.709391890   -2.128175669   60.154752006
    0.912075287   -2.128175669   60.234489854
    1.114758684   -2.128175669   61.369941568
    1.317442081   -2.128175669   66.035546121
    1.520125478   -2.128175669   75.303539685
    1.722808875   -2.128175669   87.604855374
    1.925492272   -2.128175669   98.049402137
    2.128175669   -2.128175669  102.355318681
    2.330859066   -2.128175669  103.681171192
    2.533542463   -2.128175669  101.230227000
    2.736225860   -2.128175669   95.761797227
    2.938909257   -2.128175669   88.346163271

   -3.141592654   -1.925492272   79.138218000
   -2.938909257   -1.925492272   67.630708251
   -2.736225860   -1.925492272   59.169883592
   -2.533542463   -1.925492272   55.230541530
   -2.330859066   -1.925492272   52.951029985
   -2.128175669   -1.925492272   52.867341056
   -1.925492272   -1.925492272   54.037389345
   -1.722808875   -1.925492272   54.391914871
   -1.520125478   -1.925492272   55.385145823
   -1.317442081   -1.925492272   56.444705787
   -1.114758684   -1.925492272   60.272766860
   -0.912075287   -1.925492272   67.441148531
   -0.709391890   -1.925492272   72.224361363
   -0.506708493   -1.925492272   76.603183810
   -0.304025096   -1.925492272   77.858621634
   -0.101341699   -1.925492272   76.664936195
    0.101341699   -1.925492272   73.598869948
    0.304025096   -1.925492272   66.594645712
    0.506708493   -1.925492272   60.221278411
    0.709391890   -1.925492272   56.596395389
    0.912075287   -1.925492272   56.622514090
    1.114758684   -1.925492272   57.710779211
    1.317442081   -1.925492272   63.892006041
    1.520125478   -1.925492272   74.727528690
    1.722808875   -1.925492272   85.894942192
    1.925492272   -1.925492272   96.339984579
    2.128175669   -1.925492272  102.132166703
    2.330859066   -1.925492272  103.180732748
    2.533542463   -1.925492272  100.527855960
    2.736225860   -1.925492272   95.196243688
    2.938909257   -1.925492272   87.435764307

   -3.141592654   -1.722808875   73.744101425
   -2.938909257   -1.722808875   63.591048792
   -2.736225860   -1.722808875   55.888800431
   -2.533542463   -1.722808875   51.718008560
   -2.330859066   -1.722808875   51.335142758
   -2.128175669   -1.722808875   52.318542419
   -1.925492272   -1.722808875   52.579862977
   -1.722808875   -1.722808875   52.760621764
   -1.520125478   -1.722808875   51.017158137
   -1.317442081   -1.722808875   50.333950897
   -1.114758684   -1.722808875   53.725241736
   -0.912075287   -1.722808875   59.198446186
   -0.709391890   -1.722808875   63.030587585
   -0.506708493   -1.722808875   68.820691557
   -0.304025096   -1.722808875   69.602876223
   -0.101341699   -1.722808875   69.156756143
    0.101341699   -1.722808875   65.631136787
    0.304025096   -1.722808875   59.410016877
    0.506708493   -1.722808875   56.830602274
    0.709391890   -1.722808875   57.574855058
    0.912075287   -1.722808875   57.232861942
    1.114758684   -1.722808875   57.807066428
    1.317442081   -1.722808875   65.210633017
    1.520125478   -1.722808875   75.031679495
    1.722808875   -1.722808875   85.311165479
    1.925492272   -1.722808875   94.271008091
    2.128175669   -1.722808875  100.622181681
    2.330859066   -1.722808875  100.481655826
    2.533542463   -1.722808875   98.097407970
    2.736225860   -1.722808875   91.731974890
    2.938909257   -1.722808875   83.197309609

   -3.141592654   -1.520125478   67.590793805
   -2.938909257   -1.520125478   58.427641852
   -2.736225860   -1.520125478   51.389935100
   -2.533542463   -1.520125478   46.924725920
   -2.330859066   -1.520125478   46.838956723
   -2.128175669   -1.520125478   47.058954853
   -1.925492272   -1.520125478   48.775539920
   -1.722808875   -1.520125478   47.634778556
   -1.520125478   -1.520125478   40.197029725
   -1.317442081   -1.520125478   37.828087136
   -1.114758684   -1.520125478   41.260112190
   -0.912075287   -1.520125478   47.393982351
   -0.709391890   -1.520125478   53.917933412
   -0.506708493   -1.520125478   60.246181767
   -0.304025096   -1.520125478   61.077591366
   -0.101341699   -1.520125478   59.303888384
    0.101341699   -1.520125478   54.330853063
    0.304025096   -1.520125478   55.861023174
    0.506708493   -1.520125478   58.834107888
    0.709391890   -1.520125478   60.439675980
    0.912075287   -1.520125478   62.759977031
    1.114758684   -1.520125478   66.498268716
    1.317442081   -1.520125478   69.725645789
    1.520125478   -1.520125478   76.578182898
    1.722808875   -1.520125478   84.848510885
    1.925492272   -1.520125478   92.815593193
    2.128175669   -1.520125478   97.199877184
    2.330859066   -1.520125478   97.358449684
    2.533542463   -1.520125478   94.054046084
    2.736225860   -1.520125478   85.964967236
    2.938909257   -1.520125478   76.517602895

   -3.141592654   -1.317442081   59.284909189
   -2.938909257   -1.317442081   50.327048656
   -2.736225860   -1.317442081   43.586858424
   -2.533542463   -1.317442081   41.884522530
   -2.330859066   -1.317442081   41.290974796
   -2.128175669   -1.317442081   43.197130833
   -1.925492272   -1.317442081   44.246478116
   -1.722808875   -1.317442081   42.275854363
   -1.520125478   -1.317442081   35.646775001
   -1.317442081   -1.317442081   36.716556536
   -1.114758684   -1.317442081   35.686687032
   -0.912075287   -1.317442081   36.595843731
   -0.709391890   -1.317442081   38.662225243
   -0.506708493   -1.317442081   44.389962716
   -0.304025096   -1.317442081   52.589533467
   -0.101341699   -1.317442081   53.364189480
    0.101341699   -1.317442081   52.225577824
    0.304025096   -1.317442081   56.803756592
    0.506708493   -1.317442081   64.592478971
    0.709391890   -1.317442081   69.430489327
    0.912075287   -1.317442081   72.317227205
    1.114758684   -1.317442081   74.352778109
    1.317442081   -1.317442081   74.667432581
    1.520125478   -1.317442081   76.699318283
    1.722808875   -1.317442081   82.714335900
    1.925492272   -1.317442081   89.209720018
    2.128175669   -1.317442081   94.434894301
    2.330859066   -1.317442081   93.876144476
    2.533542463   -1.317442081   90.617080536
    2.736225860   -1.317442081   81.117325628
    2.938909257   -1.317442081   70.246245893

   -3.141592654   -1.114758684   48.348969495
   -2.938909257   -1.114758684   43.289385010
   -2.736225860   -1.114758684   36.628762679
   -2.533542463   -1.114758684   37.757009640
   -2.330859066   -1.114758684   40.444401610
   -2.128175669   -1.114758684   40.019232198
   -1.925492272   -1.114758684   38.876319431
   -1.722808875   -1.114758684   38.536226102
   -1.520125478   -1.114758684   38.930975027
   -1.317442081   -1.114758684   38.082169770
   -1.114758684   -1.114758684   35.848699358
   -0.912075287   -1.114758684   32.501022168
   -0.709391890   -1.114758684   30.341505271
   -0.506708493   -1.114758684   36.265685463
   -0.304025096   -1.114758684   46.063890936
   -0.101341699   -1.114758684   53.576226531
    0.101341699   -1.114758684   59.394413700
    0.304025096   -1.114758684   67.981328252
    0.506708493   -1.114758684   74.853663974
    0.709391890   -1.114758684   76.336854659
    0.912075287   -1.114758684   75.360092712
    1.114758684   -1.114758684   79.251535230
    1.317442081   -1.114758684   78.362839304
    1.520125478   -1.114758684   77.154817137
    1.722808875   -1.114758684   79.608177531
    1.925492272   -1.114758684   86.818116640
    2.128175669   -1.114758684   91.032103264
    2.330859066   -1.114758684   89.933661008
    2.533542463   -1.114758684   84.644698165
    2.736225860   -1.114758684   74.228028413
    2.938909257   -1.114758684   59.708109137

   -3.141592654   -0.912075287   42.637943012
   -2.938909257   -0.912075287   38.119094315
   -2.736225860   -0.912075287   32.554354486
   -2.533542463   -0.912075287   32.531739477
   -2.330859066   -0.912075287   35.394858889
   -2.128175669   -0.912075287   38.679540074
   -1.925492272   -0.912075287   35.007357878
   -1.722808875   -0.912075287   35.466095381
   -1.520125478   -0.912075287   31.434218032
   -1.317442081   -0.912075287   30.267951977
   -1.114758684   -0.912075287   30.840737201
   -0.912075287   -0.912075287   30.696240095
   -0.709391890   -0.912075287   32.308108623
   -0.506708493   -0.912075287   36.288334979
   -0.304025096   -0.912075287   48.350830701
   -0.101341699   -0.912075287   59.119416769
    0.101341699   -0.912075287   70.053956538
    0.304025096   -0.912075287   77.273971446
    0.506708493   -0.912075287   80.591896324
    0.709391890   -0.912075287   79.255951584
    0.912075287   -0.912075287   78.670474422
    1.114758684   -0.912075287   78.731658360
    1.317442081   -0.912075287   78.469949483
    1.520125478   -0.912075287   76.646401127
    1.722808875   -0.912075287   77.700751914
    1.925492272   -0.912075287   84.041715547
    2.128175669   -0.912075287   86.792340645
    2.330859066   -0.912075287   86.603058997
    2.533542463   -0.912075287   79.565751986
    2.736225860   -0.912075287   67.902994802
    2.938909257   -0.912075287   50.730068769

   -3.141592654   -0.709391890   40.874668932
   -2.938909257   -0.709391890   35.522026363
   -2.736225860   -0.709391890   33.073177517
   -2.533542463   -0.709391890   33.985499530
   -2.330859066   -0.709391890   35.231719440
   -2.128175669   -0.709391890   36.886685003
   -1.925492272   -0.709391890   37.229407964
   -1.722808875   -0.709391890   33.678519288
   -1.520125478   -0.709391890   28.556149602
   -1.317442081   -0.709391890   27.397447927
   -1.114758684   -0.709391890   28.032833852
   -0.912075287   -0.709391890   31.355856325
   -0.709391890   -0.709391890   34.166887219
   -0.506708493   -0.709391890   42.361173154
   -0.304025096   -0.709391890   54.760320678
   -0.101341699   -0.709391890   68.679684255
    0.101341699   -0.709391890   77.480196245
    0.304025096   -0.709391890   81.301202407
    0.506708493   -0.709391890   82.622175634
    0.709391890   -0.709391890   80.272413654
    0.912075287   -0.709391890   76.584102853
    1.114758684   -0.709391890   78.397537050
    1.317442081   -0.709391890   78.347491235
    1.520125478   -0.709391890   75.657761455
    1.722808875   -0.709391890   77.313995489
    1.925492272   -0.709391890   80.938582164
    2.128175669   -0.709391890   84.824708773
    2.330859066   -0.709391890   84.231532712
    2.533542463   -0.709391890   77.785982928
    2.736225860   -0.709391890   63.474848596
    2.938909257   -0.709391890   48.887249681

   -3.141592654   -0.506708493   43.092604815
   -2.938909257   -0.506708493   38.147761040
   -2.736225860   -0.506708493   34.706007619
   -2.533542463   -0.506708493   35.537826639
   -2.330859066   -0.506708493   36.880148812
   -2.128175669   -0.506708493   35.961371464
   -1.925492272   -0.506708493   35.687407010
   -1.722808875   -0.506708493   31.865636925
   -1.520125478   -0.506708493   26.598064256
   -1.317442081   -0.506708493   26.608679706
   -1.114758684   -0.506708493   27.546592484
   -0.912075287   -0.506708493   30.154597567
   -0.709391890   -0.506708493   38.663554736
   -0.506708493   -0.506708493   50.888268919
   -0.304025096   -0.506708493   66.449469241
   -0.101341699   -0.506708493   76.988734428
    0.101341699   -0.506708493   80.871755252
    0.304025096   -0.506708493   84.005145513
    0.506708493   -0.506708493   84.349146449
    0.709391890   -0.506708493   82.163395727
    0.912075287   -0.506708493   79.051087346
    1.114758684   -0.506708493   77.958423121
    1.317442081   -0.506708493   74.978440029
    1.520125478   -0.506708493   71.893188926
    1.722808875   -0.506708493   75.017186634
    1.925492272   -0.506708493   81.271317298
    2.128175669   -0.506708493   85.177937264
    2.330859066   -0.506708493   83.601524235
    2.533542463   -0.506708493   77.067647186
    2.736225860   -0.506708493   64.331067820
    2.938909257   -0.506708493   49.638067043

   -3.141592654   -0.304025096   45.967040370
   -2.938909257   -0.304025096   41.355280194
   -2.736225860   -0.304025096   36.754469721
   -2.533542463   -0.304025096   37.141094868
   -2.330859066   -0.304025096   37.121757138
   -2.128175669   -0.304025096   36.673977309
   -1.925492272   -0.304025096   34.646807588
   -1.722808875   -0.304025096   30.639700609
   -1.520125478   -0.304025096   28.926618449
   -1.317442081   -0.304025096   29.702206109
   -1.114758684   -0.304025096   31.376106017
   -0.912075287   -0.304025096   35.626721238
   -0.709391890   -0.304025096   46.111347851
   -0.506708493   -0.304025096   64.377536647
   -0.304025096   -0.304025096   75.309065385
   -0.101341699   -0.304025096   79.230032526
    0.101341699   -0.304025096   82.414832739
    0.304025096   -0.304025096   84.358123479
    0.506708493   -0.304025096   84.437907426
    0.709391890   -0.304025096   81.559777393
    0.912075287   -0.304025096   76.071532830
    1.114758684   -0.304025096   73.170033838
    1.317442081   -0.304025096   68.804486035
    1.520125478   -0.304025096   66.313273751
    1.722808875   -0.304025096   72.802830131
    1.925492272   -0.304025096   82.092646889
    2.128175669   -0.304025096   86.830124362
    2.330859066   -0.304025096   86.512595649
    2.533542463   -0.304025096   81.675139599
    2.736225860   -0.304025096   71.066526372
    2.938909257   -0.304025096   54.711646539

   -3.141592654   -0.101341699   54.308386992
   -2.938909257   -0.101341699   45.607867573
   -2.736225860   -0.101341699   40.843977274
   -2.533542463   -0.101341699   38.564407166
   -2.330859066   -0.101341699   37.154402595
   -2.128175669   -0.101341699   34.986876644
   -1.925492272   -0.101341699   32.861036488
   -1.722808875   -0.101341699   30.957071014
   -1.520125478   -0.101341699   30.440166173
   -1.317442081   -0.101341699   32.286648969
   -1.114758684   -0.101341699   36.296776396
   -0.912075287   -0.101341699   45.170187460
   -0.709391890   -0.101341699   62.653425633
   -0.506708493   -0.101341699   74.583546864
   -0.304025096   -0.101341699   78.597339689
   -0.101341699   -0.101341699   82.074891783
    0.101341699   -0.101341699   82.704718896
    0.304025096   -0.101341699   83.256022261
    0.506708493   -0.101341699   82.349025404
    0.709391890   -0.101341699   78.703042750
    0.912075287   -0.101341699   72.232077414
    1.114758684   -0.101341699   64.348062897
    1.317442081   -0.101341699   58.618193774
    1.520125478   -0.101341699   60.731682764
    1.722808875   -0.101341699   71.214865558
    1.925492272   -0.101341699   81.414465689
    2.128175669   -0.101341699   88.728459238
    2.330859066   -0.101341699   88.555339632
    2.533542463   -0.101341699   85.450367670
    2.736225860   -0.101341699   77.381969857
    2.938909257   -0.101341699   65.745068721

   -3.141592654    0.101341699   58.185008069
   -2.938909257    0.101341699   48.134990896
   -2.736225860    0.101341699   39.845628027
   -2.533542463    0.101341699   35.740821535
   -2.330859066    0.101341699   33.127564660
   -2.128175669    0.101341699   31.299630934
   -1.925492272    0.101341699   29.544970589
   -1.722808875    0.101341699   29.811360091
   -1.520125478    0.101341699   31.353676081
   -1.317442081    0.101341699   39.049021111
   -1.114758684    0.101341699   47.731983898
   -0.912075287    0.101341699   60.872889743
   -0.709391890    0.101341699   70.574381101
   -0.506708493    0.101341699   76.990337889
   -0.304025096    0.101341699   80.811328736
   -0.101341699    0.101341699   81.635986605
    0.101341699    0.101341699   80.520180349
    0.304025096    0.101341699   78.754199688
    0.506708493    0.101341699   75.623923750
    0.709391890    0.101341699   69.940982365
    0.912075287    0.101341699   58.495133340
    1.114758684    0.101341699   50.042728415
    1.317442081    0.101341699   45.300512125
    1.520125478    0.101341699   52.949911594
    1.722808875    0.101341699   69.241567269
    1.925492272    0.101341699   81.012978584
    2.128175669    0.101341699   89.803626361
    2.330859066    0.101341699   90.669528632
    2.533542463    0.101341699   86.928947503
    2.736225860    0.101341699   80.515574456
    2.938909257    0.101341699   69.638358681

   -3.141592654    0.304025096   56.090515197
   -2.938909257    0.304025096   44.804297344
   -2.736225860    0.304025096   36.992563310
   -2.533542463    0.304025096   33.697936329
   -2.330859066    0.304025096   31.887432233
   -2.128175669    0.304025096   30.070245645
   -1.925492272    0.304025096   28.978607067
   -1.722808875    0.304025096   28.223657476
   -1.520125478    0.304025096   33.397807929
   -1.317442081    0.304025096   46.393951152
   -1.114758684    0.304025096   57.939289824
   -0.912075287    0.304025096   67.358989212
   -0.709391890    0.304025096   73.722903265
   -0.506708493    0.304025096   79.557628743
   -0.304025096    0.304025096   79.998792063
   -0.101341699    0.304025096   81.677295270
    0.101341699    0.304025096   77.099159489
    0.304025096    0.304025096   74.452211191
    0.506708493    0.304025096   64.872408693
    0.709391890    0.304025096   49.887045700
    0.912075287    0.304025096   46.852640577
    1.114758684    0.304025096   44.174940053
    1.317442081    0.304025096   38.174013823
    1.520125478    0.304025096   50.216022836
    1.722808875    0.304025096   65.865517096
    1.925492272    0.304025096   79.370501961
    2.128175669    0.304025096   89.837801497
    2.330859066    0.304025096   89.601689974
    2.533542463    0.304025096   87.400820385
    2.736225860    0.304025096   79.347618540
    2.938909257    0.304025096   67.848141765

   -3.141592654    0.506708493   50.554294969
   -2.938909257    0.506708493   39.660795208
   -2.736225860    0.506708493   30.408635245
   -2.533542463    0.506708493   30.125783206
   -2.330859066    0.506708493   27.594027714
   -2.128175669    0.506708493   24.188881085
   -1.925492272    0.506708493   22.728371315
   -1.722808875    0.506708493   28.562147792
   -1.520125478    0.506708493   41.129730718
   -1.317442081    0.506708493   53.572777443
   -1.114758684    0.506708493   63.135518952
   -0.912075287    0.506708493   70.217905436
   -0.709391890    0.506708493   73.337912352
   -0.506708493    0.506708493   78.402137699
   -0.304025096    0.506708493   78.274926933
   -0.101341699    0.506708493   78.245582278
    0.101341699    0.506708493   71.660383436
    0.304025096    0.506708493   64.599518142
    0.506708493    0.506708493   45.118681348
    0.709391890    0.506708493   37.403266840
    0.912075287    0.506708493   25.328253039
    1.114758684    0.506708493   33.766834611
    1.317442081    0.506708493   38.567305390
    1.520125478    0.506708493   47.260315400
    1.722808875    0.506708493   63.131687761
    1.925492272    0.506708493   75.902062765
    2.128175669    0.506708493   86.945484612
    2.330859066    0.506708493   86.620284735
    2.533542463    0.506708493   85.199877772
    2.736225860    0.506708493   76.586756537
    2.938909257    0.506708493   64.558829837

   -3.141592654    0.709391890   45.236730321
   -2.938909257    0.709391890   34.010848994
   -2.736225860    0.709391890   27.675952242
   -2.533542463    0.709391890   26.442230884
   -2.330859066    0.709391890   23.194143389
   -2.128175669    0.709391890   16.725414772
   -1.925492272    0.709391890   20.151021786
   -1.722808875    0.709391890   30.965672824
   -1.520125478    0.709391890   44.524338326
   -1.317442081    0.709391890   56.125628618
   -1.114758684    0.709391890   61.619703481
   -0.912075287    0.709391890   66.045703994
   -0.709391890    0.709391890   71.634187947
   -0.506708493    0.709391890   74.369039448
   -0.304025096    0.709391890   73.728007258
   -0.101341699    0.709391890   70.932097879
    0.101341699    0.709391890   63.900438330
    0.304025096    0.709391890   45.446038062
    0.506708493    0.709391890   35.108359652
    0.709391890    0.709391890   22.040690030
    0.912075287    0.709391890    9.505489747
    1.114758684    0.709391890   23.599631218
    1.317442081    0.709391890   38.018810042
    1.520125478    0.709391890   50.249965811
    1.722808875    0.709391890   63.635427020
    1.925492272    0.709391890   75.526942241
    2.128175669    0.709391890   83.843423830
    2.330859066    0.709391890   85.128002806
    2.533542463    0.709391890   81.106748325
    2.736225860    0.709391890   72.441290327
    2.938909257    0.709391890   57.085424772

   -3.141592654    0.912075287   39.632742774
   -2.938909257    0.912075287   27.016564144
   -2.736225860    0.912075287   23.969533129
   -2.533542463    0.912075287   22.745049848
   -2.330859066    0.912075287   20.560067482
   -2.128175669    0.912075287   19.196342096
   -1.925492272    0.912075287   18.914939094
   -1.722808875    0.912075287   32.437018882
   -1.520125478    0.912075287   45.231534948
   -1.317442081    0.912075287   55.865807070
   -1.114758684    0.912075287   62.808847372
   -0.912075287    0.912075287   66.558165710
   -0.709391890    0.912075287   68.225391120
   -0.506708493    0.912075287   69.897690214
   -0.304025096    0.912075287   68.827355302
   -0.101341699    0.912075287   60.548775302
    0.101341699    0.912075287   42.948836514
    0.304025096    0.912075287   32.988282662
    0.506708493    0.912075287   25.181024375
    0.709391890    0.912075287    9.614455886
    0.912075287    0.912075287   12.820279370
    1.114758684    0.912075287   20.305287549
    1.317442081    0.912075287   39.090816592
    1.520125478    0.912075287   52.314401875
    1.722808875    0.912075287   64.607531510
    1.925492272    0.912075287   75.522039515
    2.128175669    0.912075287   80.945662309
    2.330859066    0.912075287   81.339878492
    2.533542463    0.912075287   77.152597830
    2.736225860    0.912075287   66.061466556
    2.938909257    0.912075287   51.987108280

   -3.141592654    1.114758684   35.259801918
   -2.938909257    1.114758684   26.147239506
   -2.736225860    1.114758684   21.962098665
   -2.533542463    1.114758684   20.665609714
   -2.330859066    1.114758684   17.161517191
   -2.128175669    1.114758684   19.008010380
   -1.925492272    1.114758684   19.916845152
   -1.722808875    1.114758684   28.368188020
   -1.520125478    1.114758684   38.675598560
   -1.317442081    1.114758684   50.463717612
   -1.114758684    1.114758684   55.984698999
   -0.912075287    1.114758684   58.283311728
   -0.709391890    1.114758684   61.986989759
   -0.506708493    1.114758684   62.593858824
   -0.304025096    1.114758684   56.373172687
   -0.101341699    1.114758684   39.187213673
    0.101341699    1.114758684   30.209729238
    0.304025096    1.114758684   27.644553763
    0.506708493    1.114758684   21.302480839
    0.709391890    1.114758684   17.531101721
    0.912075287    1.114758684   17.423910386
    1.114758684    1.114758684   26.510974796
    1.317442081    1.114758684   41.694356909
    1.520125478    1.114758684   52.728276319
    1.722808875    1.114758684   66.065740336
    1.925492272    1.114758684   75.487721510
    2.128175669    1.114758684   80.723034354
    2.330859066    1.114758684   79.108533905
    2.533542463    1.114758684   73.568116347
    2.736225860    1.114758684   60.262715369
    2.938909257    1.114758684   45.725688687

   -3.141592654    1.317442081   33.838437351
   -2.938909257    1.317442081   25.262430440
   -2.736225860    1.317442081   20.336234657
   -2.533542463    1.317442081   18.140771807
   -2.330859066    1.317442081   13.285226038
   -2.128175669    1.317442081   17.856325020
   -1.925492272    1.317442081   21.075995340
   -1.722808875    1.317442081   26.725136807
   -1.520125478    1.317442081   35.559027484
   -1.317442081    1.317442081   44.155464104
   -1.114758684    1.317442081   51.421992498
   -0.912075287    1.317442081   55.063433009
   -0.709391890    1.317442081   53.350121689
   -0.506708493    1.317442081   46.499325900
   -0.304025096    1.317442081   36.412884162
   -0.101341699    1.317442081   29.701440746
    0.101341699    1.317442081   26.931757947
    0.304025096    1.317442081   25.592653071
    0.506708493    1.317442081   18.100311594
    0.709391890    1.317442081   17.198706213
    0.912075287    1.317442081   24.111571819
    1.114758684    1.317442081   31.018754201
    1.317442081    1.317442081   41.956813491
    1.520125478    1.317442081   53.122416854
    1.722808875    1.317442081   66.887831825
    1.925492272    1.317442081   74.863012133
    2.128175669    1.317442081   79.977971108
    2.330859066    1.317442081   77.785293812
    2.533542463    1.317442081   71.654022326
    2.736225860    1.317442081   56.428169521
    2.938909257    1.317442081   42.280796764

   -3.141592654    1.520125478   31.486017100
   -2.938909257    1.520125478   23.256835249
   -2.736225860    1.520125478   19.936739055
   -2.533542463    1.520125478   19.535457089
   -2.330859066    1.520125478   15.715365036
   -2.128175669    1.520125478   18.359775605
   -1.925492272    1.520125478   17.554911103
   -1.722808875    1.520125478   23.135670613
   -1.520125478    1.520125478   30.203641014
   -1.317442081    1.520125478   34.701596038
   -1.114758684    1.520125478   36.781192450
   -0.912075287    1.520125478   36.902331928
   -0.709391890    1.520125478   34.984800926
   -0.506708493    1.520125478   29.640983667
   -0.304025096    1.520125478   28.792854892
   -0.101341699    1.520125478   29.056193757
    0.101341699    1.520125478   28.184196626
    0.304025096    1.520125478   28.787293482
    0.506708493    1.520125478   22.420954182
    0.709391890    1.520125478   23.989067297
    0.912075287    1.520125478   28.936242084
    1.114758684    1.520125478   34.462912696
    1.317442081    1.520125478   43.604609849
    1.520125478    1.520125478   54.774019718
    1.722808875    1.520125478   67.512302226
    1.925492272    1.520125478   75.861717355
    2.128175669    1.520125478   80.213003070
    2.330859066    1.520125478   76.861234196
    2.533542463    1.520125478   70.012275481
    2.736225860    1.520125478   55.085981431
    2.938909257    1.520125478   41.814237976

   -3.141592654    1.722808875   30.929744340
   -2.938909257    1.722808875   23.919740173
   -2.736225860    1.722808875   20.266388075
   -2.533542463    1.722808875   17.289227475
   -2.330859066    1.722808875   17.749932070
   -2.128175669    1.722808875   18.491874201
   -1.925492272    1.722808875   19.587465537
   -1.722808875    1.722808875   20.779071267
   -1.520125478    1.722808875   25.202840945
   -1.317442081    1.722808875   26.823720231
   -1.114758684    1.722808875   28.539573890
   -0.912075287    1.722808875   28.114407452
   -0.709391890    1.722808875   25.665742893
   -0.506708493    1.722808875   28.393045463
   -0.304025096    1.722808875   29.735894980
   -0.101341699    1.722808875   31.675876663
    0.101341699    1.722808875   33.861664694
    0.304025096    1.722808875   34.446183992
    0.506708493    1.722808875   31.844213455
    0.709391890    1.722808875   33.796811377
    0.912075287    1.722808875   33.125658548
    1.114758684    1.722808875   38.215066041
    1.317442081    1.722808875   43.454563381
    1.520125478    1.722808875   54.483549616
    1.722808875    1.722808875   69.278325358
    1.925492272    1.722808875   77.060455308
    2.128175669    1.722808875   78.585333604
    2.330859066    1.722808875   75.280225701
    2.533542463    1.722808875   66.388196325
    2.736225860    1.722808875   53.060227004
    2.938909257    1.722808875   41.210791092

   -3.141592654    1.925492272   31.589522198
   -2.938909257    1.925492272   22.517715566
   -2.736225860    1.925492272   16.536141097
   -2.533542463    1.925492272   17.630988826
   -2.330859066    1.925492272   15.306616194
   -2.128175669    1.925492272   15.000695988
   -1.925492272    1.925492272   17.122744864
   -1.722808875    1.925492272   19.612188399
   -1.520125478    1.925492272   20.385135690
   -1.317442081    1.925492272   22.238461875
   -1.114758684    1.925492272   15.836780676
   -0.912075287    1.925492272    1.452192811
   -0.709391890    1.925492272    9.978021004
   -0.506708493    1.925492272   26.227743258
   -0.304025096    1.925492272   32.622542182
   -0.101341699    1.925492272   31.553156601
    0.101341699    1.925492272   36.898095290
    0.304025096    1.925492272   39.332034858
    0.506708493    1.925492272   37.682242431
    0.709391890    1.925492272   38.851245234
    0.912075287    1.925492272   36.503826690
    1.114758684    1.925492272   36.068967986
    1.317442081    1.925492272   40.233462863
    1.520125478    1.925492272   53.224000707
    1.722808875    1.925492272   64.861688659
    1.925492272    1.925492272   72.523378015
    2.128175669    1.925492272   77.508417448
    2.330859066    1.925492272   74.319856726
    2.533542463    1.925492272   62.724834360
    2.736225860    1.925492272   51.578619490
    2.938909257    1.925492272   40.919261969

   -3.141592654    2.128175669   30.202122289
   -2.938909257    2.128175669   16.458792539
   -2.736225860    2.128175669    3.825721004
   -2.533542463    2.128175669   10.720733486
   -2.330859066    2.128175669   15.898560467
   -2.128175669    2.128175669   15.936320674
   -1.925492272    2.128175669   17.539605922
   -1.722808875    2.128175669   17.665357802
   -1.520125478    2.128175669   17.623028154
   -1.317442081    2.128175669   17.735186693
   -1.114758684    2.128175669    8.031608219
   -0.912075287    2.128175669    3.721490416
   -0.709391890    2.128175669   18.526260340
   -0.506708493    2.128175669   25.033224360
   -0.304025096    2.128175669   34.865260335
   -0.101341699    2.128175669   36.525169669
    0.101341699    2.128175669   42.200979796
    0.304025096    2.128175669   44.132876285
    0.506708493    2.128175669   43.493677753
    0.709391890    2.128175669   41.145569250
    0.912075287    2.128175669   36.058110131
    1.114758684    2.128175669   36.987058686
    1.317442081    2.128175669   40.028608314
    1.520125478    2.128175669   49.109645250
    1.722808875    2.128175669   63.415717402
    1.925492272    2.128175669   73.747430977
    2.128175669    2.128175669   75.883867017
    2.330859066    2.128175669   73.471133122
    2.533542463    2.128175669   64.076224472
    2.736225860    2.128175669   53.057468829
    2.938909257    2.128175669   41.136980201

   -3.141592654    2.330859066   25.363605613
   -2.938909257    2.330859066   13.893968179
   -2.736225860    2.330859066    0.000000000
   -2.533542463    2.330859066   10.326204371
   -2.330859066    2.330859066   13.381050583
   -2.128175669    2.330859066   13.954479693
   -1.925492272    2.330859066   16.899503796
   -1.722808875    2.330859066   15.344457834
   -1.520125478    2.330859066   13.539949182
   -1.317442081    2.330859066   10.497734186
   -1.114758684    2.330859066   12.904927236
   -0.912075287    2.330859066   16.250412371
   -0.709391890    2.330859066   17.791571753
   -0.506708493    2.330859066   21.161159407
   -0.304025096    2.330859066   32.383582727
   -0.101341699    2.330859066   38.923814968
    0.101341699    2.330859066   46.595117035
    0.304025096    2.330859066   47.769482014
    0.506708493    2.330859066   46.401048021
    0.709391890    2.330859066   40.551330685
    0.912075287    2.330859066   36.995413407
    1.114758684    2.330859066   35.833611956
    1.317442081    2.330859066   38.572949371
    1.520125478    2.330859066   46.293179813
    1.722808875    2.330859066   58.027902371
    1.925492272    2.330859066   70.561960825
    2.128175669    2.330859066   72.569615521
    2.330859066    2.330859066   71.749773346
    2.533542463    2.330859066   63.635338171
    2.736225860    2.330859066   53.326139388
    2.938909257    2.330859066   38.245142119

   -3.141592654    2.533542463   17.595337494
   -2.938909257    2.533542463   17.402373334
   -2.736225860    2.533542463   13.665481496
   -2.533542463    2.533542463   11.981789438
   -2.330859066    2.533542463   11.234138244
   -2.128175669    2.533542463   14.609535959
   -1.925492272    2.533542463   12.987834354
   -1.722808875    2.533542463   12.856129142
   -1.520125478    2.533542463    6.151811537
   -1.317442081    2.533542463    7.848197350
   -1.114758684    2.533542463   10.255462619
   -0.912075287    2.533542463   11.727988339
   -0.709391890    2.533542463   18.336158942
   -0.506708493    2.533542463   25.590736376
   -0.304025096    2.533542463   33.988484818
   -0.101341699    2.533542463   45.621082976
    0.101341699    2.533542463   52.531565929
    0.304025096    2.533542463   51.882836516
    0.506708493    2.533542463   47.659380401
    0.709391890    2.533542463   40.894442709
    0.912075287    2.533542463   33.672229133
    1.114758684    2.533542463   30.095130688
    1.317442081    2.533542463   38.004274218
    1.520125478    2.533542463   41.617122212
    1.722808875    2.533542463   53.899430450
    1.925492272    2.533542463   68.308928092
    2.128175669    2.533542463   70.991572092
    2.330859066    2.533542463   71.293891568
    2.533542463    2.533542463   62.715960849
    2.736225860    2.533542463   51.550634030
    2.938909257    2.533542463   31.490294989

   -3.141592654    2.736225860   13.359400404
   -2.938909257    2.736225860   17.860137269
   -2.736225860    2.736225860   12.062894194
   -2.533542463    2.736225860   12.674543544
   -2.330859066    2.736225860   12.840618788
   -2.128175669    2.736225860   11.180175017
   -1.925492272    2.736225860    7.547445604
   -1.722808875    2.736225860   12.583861943
   -1.520125478    2.736225860    8.147628597
   -1.317442081    2.736225860   10.164556293
   -1.114758684    2.736225860   13.738582228
   -0.912075287    2.736225860   15.676910238
   -0.709391890    2.736225860   20.928311888
   -0.506708493    2.736225860   31.635338124
   -0.304025096    2.736225860   43.226939947
   -0.101341699    2.736225860   53.836112713
    0.101341699    2.736225860   57.758735970
    0.304025096    2.736225860   57.298512327
    0.506708493    2.736225860   48.827098664
    0.709391890    2.736225860   39.859349525
    0.912075287    2.736225860   29.402454606
    1.114758684    2.736225860   18.847786706
    1.317442081    2.736225860   33.640531494
    1.520125478    2.736225860   39.344343147
    1.722808875    2.736225860   57.699599134
    1.925492272    2.736225860   70.123162746
    2.128175669    2.736225860   70.979219930
    2.330859066    2.736225860   72.406668623
    2.533542463    2.736225860   63.408359948
    2.736225860    2.736225860   54.740990212
    2.938909257    2.736225860   27.197310802

   -3.141592654    2.938909257   21.555752761
   -2.938909257    2.938909257   17.715303400
   -2.736225860    2.938909257   14.986879534
   -2.533542463    2.938909257   13.964215661
   -2.330859066    2.938909257   13.821983044
   -2.128175669    2.938909257   16.545573079
   -1.925492272    2.938909257   13.053856982
   -1.722808875    2.938909257   16.901189521
   -1.520125478    2.938909257   15.417926662
   -1.317442081    2.938909257   14.270905034
   -1.114758684    2.938909257   16.023576238
   -0.912075287    2.938909257   21.493484211
   -0.709391890    2.938909257   26.408317533
   -0.506708493    2.938909257   38.560655587
   -0.304025096    2.938909257   54.505715197
   -0.101341699    2.938909257   62.466316936
    0.101341699    2.938909257   65.232155659
    0.304025096    2.938909257   61.472818985
    0.506708493    2.938909257   50.197543538
    0.709391890    2.938909257   40.786722693
    0.912075287    2.938909257   23.407884975
    1.114758684    2.938909257   13.150309145
    1.317442081    2.938909257   36.333156328
    1.520125478    2.938909257   48.707984887
    1.722808875    2.938909257   60.144623383
    1.925492272    2.938909257   71.075980096
    2.128175669    2.938909257   77.132783187
    2.330859066    2.938909257   76.112066451
    2.533542463    2.938909257   69.616658049
    2.736225860    2.938909257   59.669848818
    2.938909257    2.938909257   40.051410537
