4
3 12 10 1
1.0421877605469401e-01 1.3898154325105624e-01 2.0854187520854187e-01
1.0005000000000001e+01 7.5049999999999999e+00 5.0049999999999999e+00
5.1184444387078989e-02
1.9537185798825242e+01
-5.7003091106112063e+00
8.0913568861109197e-01
1.0636186323115411e+00
-1.2258675984432286e+00
-2.5491779911766194e-01
6.4777125323325613e-01
4.2233413391396479e-01
-8.0885742111802983e-01
2.3148092690411635e+00
-1.3010376039340937e-01
-4.1961827046139542e+00
8.9020937079497198e-01
4.1422265094278279e-02
4.0611714774723966e+00
-5.5243284877020993e-01
2.1540036406757684e-01
-9.8679083353059055e-02
8.2881197871827805e-01
3.8594538377818322e-01
1.0976549837261405e+00
1.8463570522907728e+00
3.7728401541647355e-01
6.0957311462360497e-02
2.3989542710837072e-01
-4.6325288810389083e+00
-9.7928251624168761e-01
3.4787294296485410e-01
9.8462364772869770e-01
-1.1651706789451448e-01
-4.9845289379975327e-01
-6.0195129038533379e-01
1.7574028966416009e+00
2.3666887416535293e-02
-6.8733485821577212e-01
-6.5079790769892121e-02
1.4107402029641427e+00
9.7278948004274973e-02
6.5240551110233802e-01
3.5848992925279383e-01
1.0277153406908008e-02
3.0893393661218321e-01
1.6152260331909268e-01
-6.7910741784158887e-02
1.4755016871691148e-01
-1.5270454499929406e-02
5.4839979224699686e-01
-3.3480943477399374e+00
-2.7691913895957099e-01
-4.8632743450216482e+00
-9.1032316256546542e-01
-3.2734227933312812e+00
-3.7587215567937915e-01
1.2703260739699937e-01
-5.1156597202081211e-01
-1.8395233034758478e+00
4.0753743408171479e+00
2.3763643199585857e-01
8.5069127904091968e-01
-6.5931284222845654e-01
-5.0921169767690333e-01
5.2721805280432799e-01
-1.5838133637852541e+00
1.1728828054564424e+00
-7.3971489310434402e-01
2.0571394283147781e-01
-7.8328931144907906e-03
-3.0966735773097609e-01
1.8808694079866456e-01
-3.6949981052741282e-01
1.0227836826836987e-02
-8.3319680195356946e-02
-4.2052384929190056e-02
2.4116092742803505e-02
-5.7528930156188388e-02
-4.2752715224654063e-02
2.7935195126699036e-01
-3.3995829374788088e-02
-2.3744005782322115e-02
1.8333226885637821e-01
-1.6633094383498579e+00
-9.7276624223450459e-02
8.2009225951122089e-02
7.4142068132585032e-02
5.8613498847043854e-01
5.9767218268997024e-01
-1.8461200043790371e+00
1.4618253579059608e+00
-8.3836236527876518e-01
-1.1414151691413450e+00
6.5151780172341023e-01
1.7796373499874005e-01
1.5504002831977421e+00
-1.8495311746774528e+00
2.7632652267425090e-01
2.9234766427732045e-01
-7.5810186245256295e-01
-7.5209416295672082e-01
1.0425823134536492e-01
-3.1152148021548496e+00
7.1258277510241774e-01
1.7364920455793751e+00
1.9587615331432275e+00
-4.5962557463016562e-01
-1.2561204305453331e+00
4.3488917478641259e-01
-1.2565018958940827e-01
-1.3157001502288028e+00
1.2835183109785935e+00
1.0730380450516419e+00
-6.9293438065081578e-02
2.3388699878918251e+00
5.6581133233704717e-01
4.2958041135809459e+00
-2.1506770808547462e-01
6.8218179844654947e-01
-1.1147868170246711e+00
-6.5093881717773627e-01
7.3441167816961334e-02
-9.5334168818107967e-01
-1.0586647080994403e-01
-2.2298884479644547e+00
9.9908307659872475e-01
-4.8863845662436454e+00
1.9426137888196759e-01
-1.4166646687530596e-01
2.3423116580586470e-01
-4.1697538688886532e-01
9.8222865756737679e-02
8.4445685803487977e-02
-2.0225692838681000e-01
-4.3199719639871442e-01
-2.0671102048531967e-01
-4.1369045077697481e-01
1.2771922347170783e-01
-2.7899010106589328e-01
4.7560977633221474e-01
2.7861507022790866e-01
7.4816791063418472e-02
3.1496745531244237e+00
6.4381823783081993e-01
-1.5519995616900417e+00
3.1292120199472617e-01
-1.5845014990562005e+00
-2.2477970536567812e-01
1.6036219801842257e+00
-2.9772083195919605e+00
-2.4543485573224308e-01
-5.7823487409911301e-01
1.5139054524780331e+00
-1.4549102859511571e+00
-1.7212514815607260e-01
-3.1914422354256672e-01
-3.8276439898927794e-01
7.9668438460556734e-01
-5.8260135117846545e-01
7.8725650306481532e-01
1.6602021268907374e+00
-2.1992260500337146e-01
7.8736631103622567e-01
-1.1117580325540568e+00
-4.6693477761103486e+00
-2.7199750797347583e-01
-6.7921403830833005e-01
9.1838616213141067e-01
1.1216260421159391e-01
-2.2306646636797361e-01
6.8765427598457440e-01
-3.5809780799650615e-01
3.0552834549488495e-01
-8.3508848992229012e-01
2.0565912448221638e-01
2.5135433188150896e-01
-8.1763956207142130e-01
3.2382133166344411e-02
-9.0611913025348503e-02
2.6737392797194942e-01
6.0243106752356557e-01
1.5790916103197475e-01
-4.5417612334395052e+00
2.9608454040834614e-01
-2.4056747915348664e+00
5.2614215937714903e-01
1.9168520826647357e+00
-4.0561245925581002e-01
-3.7068500958200312e+00
-5.4740338688571724e+00
-1.3752578184173967e+00
-3.3346419562609713e+00
-7.0156321970885553e+00
