4
2 12 8 1
3.1830988618379069e-01 3.1830988618379069e-01
2.2204460492503131e-16 2.2204460492503131e-16
2.7593658479807597e-02
3.6240210798135990e+01
1.3210526913860603e+00
-2.1092711373369966e+00
-4.6780815786845631e-01
4.7614305164024789e-01
1.5161175554558426e+00
-1.1234761143396448e+00
-1.1889943111499868e+00
-1.9295155175474593e-01
-2.0089571346741337e+00
-1.9816067414226992e+00
-1.4314573230249947e+00
-1.5564638553011623e+00
-3.0911892729096415e+00
4.8477367226920748e-01
-4.3216669658321445e+00
-7.1297640405237073e-01
1.4882877468946025e+00
-2.8051899036851136e-01
1.5780574283204503e+00
1.4363453148151064e+00
2.7324317757892556e+00
1.1586453026979265e-01
-2.4672895403146549e+00
-2.8508832357921521e+00
-1.8560498357678916e+00
-2.7398899525170859e+00
-1.5989599458284058e+00
9.2135879831362866e-01
-1.6340988457799814e+00
-2.1324806788429953e+00
1.1427780988487166e+00
2.1141859665202913e+00
-3.2388115209415175e-01
3.1077108488868195e+00
-1.3626857321410446e+00
8.7519518251614870e-01
8.3505408856096230e-01
-2.1777463563674240e+00
-6.6897628998752734e-01
4.5933623833164455e-01
-2.0069125338930482e+00
-1.0244016941712559e+00
-1.9583152958764187e+00
8.7074466092238167e-01
5.5424323820291088e-01
-1.3381936092314248e+00
2.9187904424602990e-01
1.1102612005511145e+00
4.0012410824521805e-01
-1.2591517852836638e+00
-3.0528952988474578e-01
4.0031959957064556e-01
-6.7661274956570661e-01
-4.5811762708066051e-01
6.6975517475183677e-01
1.8966026348848194e-01
1.4143884458359222e+00
-8.9029471555125494e-01
-3.3786622517832976e-01
2.7152494429145166e-03
7.0712720130800788e-01
-4.4700474530608408e-02
3.2415442812914963e-01
6.5341000738434563e-01
8.6135302019251436e-01
6.5816344496765744e-01
-7.6794667398583727e-01
7.5869741387681144e-01
-1.9103819963400406e+00
9.0343810891800480e-01
1.6285007535273572e+00
-1.5577837425016281e+00
-1.0509121917695952e+00
-2.6239357688990523e+00
-1.1473970033485843e+00
4.3703359333488284e-01
-3.8549527723350835e-01
4.7451761147494992e-01
1.2935755433274869e+00
1.1438612556244270e+00
1.3705386226496441e-02
-6.7883192497270806e-01
1.2898640751308488e+00
-6.1475824905814747e-01
3.7498987973280684e-01
1.6396390951607573e+00
4.1272049284568901e-01
-2.9738276958374599e-01
-2.1612319811546241e+00
-3.1776421584123893e-01
4.8159347731658059e-01
1.2426771504021217e+00
1.9168854761425562e+00
-1.8070777888218028e+00
-8.5494426150319403e-01
1.8220508183098956e+00
4.5010289556164542e+00
1.1099550100468292e+00
-4.2809553819959256e-01
1.1664533416466698e+00
-2.9250480412250623e-01
-5.5444514347367102e-01
1.6925225810522833e+00
1.2067650634341394e+00
-1.3687472967357146e+00
-1.5425932157061346e+00
1.0548045805435282e+00
1.9111264915179256e+00
-3.9839785225178476e-01
6.0010813016147768e-01
1.6902872029915184e+00
-1.0357784490027723e-01
-2.9180987336747251e+00
-2.0960524322188028e+00
-6.7911362140283682e-01
3.0401456374308661e-01
1.7977377529689004e-01
-7.9367273131865834e-01
-2.0796906310430818e-01
-2.3641532902013349e-01
-8.8731934814240399e-01
1.1773070536589826e-01
-4.5739380307808475e-01
-4.7277062974644418e-01
-6.1235920458501980e-01
-1.4377672064783407e+00
4.7540909446728119e-01
-1.2370042736773591e-01
-1.6830435335525056e+00
-2.0166481669183822e+00
2.1161026228041093e+00
1.5401978675318857e+00
-7.3815232513695622e-02
-2.3060932126658901e-01
6.3423680616998335e-01
9.1501060317238736e-01
-4.5649826455005471e-01
7.9907137814610318e-01
-7.7209991843164627e-01
-9.3457130266662780e-01
1.6479791123927023e+00
4.9416612785457170e+00
-4.0432463772713518e+00
4.7605430146826855e+00
-3.8142360803341937e+00
1.3493713265371792e+00
-1.6089829156371771e+00
5.0649132699738040e+00
-5.9922319369420789e+00
