4
2 10 6 1
3.1830988618379069e-01 3.1830988618379069e-01
2.2204460492503131e-16 2.2204460492503131e-16
2.8242116179201776e-02
3.5408111547123575e+01
9.5610004785522695e-01
-1.6303455716447943e-01
3.5221067821473306e-01
9.9153954510989650e-01
2.2957038646983059e+00
6.9686108398954547e-02
1.9749829166231342e-01
-2.3060131891678894e+00
1.1358006052360974e+00
-1.8167755310227236e+00
-2.3275215787214445e+00
1.9874268572849692e+00
1.1829068104822140e+00
-1.4013262846732705e-01
-1.7039070517089827e-01
2.3275997660915762e+00
-1.6628358018799947e+00
-1.8910904108123932e+00
1.6110942137756099e+00
2.5819095968147190e+00
-9.7929157215127882e-01
-4.0956875079227845e-01
5.4567842576413428e-01
2.6923895962748290e+00
2.1566339315956307e+00
-9.4444794452622904e-01
-9.6945792862645852e-01
7.8574824227281637e-01
-2.5938745104974696e+00
3.1807298400070699e-01
-2.9213780788023165e+00
-2.3173312836093869e+00
2.3239915020888251e+00
-8.7752134543831484e-01
3.8099179451777592e+00
1.4942466032094062e+00
-1.1996599277955207e+00
-1.1384897433933687e+00
-1.2241929008953649e+00
3.1970346501491202e+00
1.6759901728452536e-01
1.1376030041903678e+00
5.4481889054799710e+00
3.4190421178797035e+00
-1.9091146097712604e+00
8.4125455130674620e-01
-1.8220567977820459e+00
5.0305423349910827e-01
2.4406862825789322e+00
-2.9449109349936546e+00
3.6466701805767623e+00
-2.5643342663366506e+00
-3.4726188584393456e+00
-3.5051620560736145e+00
1.0384336068858961e+00
7.5716034673456478e-01
-7.7406706725615904e-01
5.0805004066987139e-02
2.6283104452078770e-01
1.5337710083268527e-01
7.8998258352256845e-01
5.8350905646505613e-01
-6.6044546877388877e-01
5.6332556282083415e-03
-1.4326273604424138e+00
-8.7078207742775832e-02
-3.8504628861818810e+00
-1.9674131640759369e+00
1.1092391668842982e+00
-2.6311918616942348e-01
3.0744471852234284e-01
1.3982321892298016e-01
1.9687982508415280e+00
-4.5643350174245850e-01
2.6402709028426217e+00
-4.0381213326786751e+00
-3.9168294989582031e+00
-3.6409656293655948e+00
1.7190853613140613e+00
-1.1484143048378703e+00
-7.0324208471999594e-01
-7.8958179441703502e-01
1.5922178513549088e+00
-6.6305769058659891e-01
8.0671264565115886e-01
2.3350203572970615e-01
1.0978731455927883e-01
7.2390504119770405e-03
6.5263151373296047e-01
3.5566350909980132e-01
-2.1427650236537552e+00
-1.9400581224680065e+00
2.9137484462402687e+00
9.0430408236117843e-01
4.8245338677806876e-01
5.1723382724336786e-01
6.3568891027970729e+00
-5.7675674025848860e+00
6.6989782820929635e+00
5.7103674772747457e+00
6.9931016501955323e+00
2.3803823951513743e+00
-9.1260081024304593e+00
