
Iteration: 1250000
Printing out the current Adaptive Biasing Vector Field.
First (Nr of CVs) columns are the coordinates, the next (Nr of CVs) columns are components of the Adaptive Force vector at that point.
The columns are 961 long, mapping out a surface of 31 by 31 points in 2 dimensions.

  -3.14159   -3.14159    47.4037   -42.0004 
  -2.93215   -3.14159    25.4674   -32.2796 
  -2.72271   -3.14159    11.6934    -37.213 
  -2.51327   -3.14159    2.98307   -42.6796 
  -2.30383   -3.14159   -6.48431   -33.1957 
   -2.0944   -3.14159   -3.15573   -31.8094 
  -1.88496   -3.14159   0.474153   -32.8649 
  -1.67552   -3.14159    6.66128   -37.8778 
  -1.46608   -3.14159    1.43281   -39.8619 
  -1.25664   -3.14159   -10.1441   -46.5011 
   -1.0472   -3.14159   -29.8814   -49.3302 
 -0.837758   -3.14159   -48.9331   -58.6547 
 -0.628319   -3.14159   -62.7379   -67.5205 
 -0.418879   -3.14159   -66.8658   -76.6348 
  -0.20944   -3.14159   -53.6877   -72.1711 
         0   -3.14159   -13.4176   -72.9609 
   0.20944   -3.14159    58.5947   -24.6138 
  0.418879   -3.14159    74.3574   -6.68497 
  0.628319   -3.14159    54.1624   -13.4955 
  0.837758   -3.14159     28.538    -21.874 
    1.0472   -3.14159   -7.06882   -25.3584 
   1.25664   -3.14159   -38.4958    -25.124 
   1.46608   -3.14159   -52.6253   -26.5864 
   1.67552   -3.14159    -58.982   -35.2591 
   1.88496   -3.14159   -39.7756   -35.9747 
    2.0944   -3.14159   -14.2577   -15.2556 
   2.30383   -3.14159   0.275245   -11.0349 
   2.51327   -3.14159    38.8268    -38.091 
   2.72271   -3.14159    58.1434   -47.1443 
   2.93215   -3.14159    57.7187   -40.9556 
   3.14159   -3.14159    47.4037   -42.0004 
  -3.14159   -2.93215    48.8004   -43.3535 
  -2.93215   -2.93215    32.9145   -40.0047 
  -2.72271   -2.93215    17.1068   -42.6005 
  -2.51327   -2.93215   -1.85453   -42.6808 
  -2.30383   -2.93215   -8.49099   -36.5136 
   -2.0944   -2.93215    1.05923   -47.6565 
  -1.88496   -2.93215    5.05886   -41.1398 
  -1.67552   -2.93215    2.61126   -39.0884 
  -1.46608   -2.93215    1.79072   -43.0043 
  -1.25664   -2.93215   -13.2617   -52.1445 
   -1.0472   -2.93215   -30.0063   -57.4132 
 -0.837758   -2.93215   -47.9717   -68.2432 
 -0.628319   -2.93215   -70.1533   -73.8276 
 -0.418879   -2.93215   -70.4778   -83.9666 
  -0.20944   -2.93215    -18.087   -32.7807 
         0   -2.93215    9.86639   -10.8502 
   0.20944   -2.93215    77.6175   -14.9169 
  0.418879   -2.93215    65.7788   -17.3108 
  0.628319   -2.93215    49.3533   -16.8289 
  0.837758   -2.93215    20.9879   -23.8312 
    1.0472   -2.93215   -9.57329   -28.6589 
   1.25664   -2.93215   -33.5467   -34.0473 
   1.46608   -2.93215   -56.1013   -30.7391 
   1.67552   -2.93215   -61.2281   -32.7582 
   1.88496   -2.93215   -14.4792    -13.723 
    2.0944   -2.93215          0          0 
   2.30383   -2.93215          0          0 
   2.51327   -2.93215 -0.0150883   -1.96592 
   2.72271   -2.93215    29.0166   -27.1857 
   2.93215   -2.93215    60.1228   -50.0145 
   3.14159   -2.93215    48.8004   -43.3535 
  -3.14159   -2.72271    53.1588   -38.4473 
  -2.93215   -2.72271    39.0023   -44.6648 
  -2.72271   -2.72271    21.9867   -50.3846 
  -2.51327   -2.72271     6.4833   -48.7194 
  -2.30383   -2.72271   -1.31704    -42.528 
   -2.0944   -2.72271   -1.24411   -42.0231 
  -1.88496   -2.72271   0.322492   -43.0448 
  -1.67552   -2.72271  -0.250413   -42.5744 
  -1.46608   -2.72271    -8.2861   -41.3908 
  -1.25664   -2.72271   -16.7476   -50.6083 
   -1.0472   -2.72271   -44.1637   -53.8095 
 -0.837758   -2.72271   -61.8981   -64.6472 
 -0.628319   -2.72271   -68.7072   -80.6047 
 -0.418879   -2.72271   -11.6322   -10.2475 
  -0.20944   -2.72271          0          0 
         0   -2.72271    2.62078 -0.0159914 
   0.20944   -2.72271    52.1766   -9.37792 
  0.418879   -2.72271    54.9142   -16.3324 
  0.628319   -2.72271    44.5061   -15.4074 
  0.837758   -2.72271    16.0975   -26.6219 
    1.0472   -2.72271     -15.86    -28.514 
   1.25664   -2.72271   -49.4029   -31.0535 
   1.46608   -2.72271    -56.436   -35.7868 
   1.67552   -2.72271   -45.6655   -13.0887 
   1.88496   -2.72271   -1.05734  -0.116148 
    2.0944   -2.72271          0          0 
   2.30383   -2.72271          0          0 
   2.51327   -2.72271          0          0 
   2.72271   -2.72271    3.39487   -2.96039 
   2.93215   -2.72271    19.7911   -16.0075 
   3.14159   -2.72271    53.1588   -38.4473 
  -3.14159   -2.51327    47.1384   -17.6968 
  -2.93215   -2.51327      49.21   -32.6212 
  -2.72271   -2.51327     28.648   -48.8438 
  -2.51327   -2.51327    7.39397   -34.1009 
  -2.30383   -2.51327    2.05147   -30.1626 
   -2.0944   -2.51327   -6.91042   -33.4293 
  -1.88496   -2.51327    1.05876   -36.9238 
  -1.67552   -2.51327   -7.85316   -41.7998 
  -1.46608   -2.51327   -6.94155   -32.7078 
  -1.25664   -2.51327   -23.7268   -41.9513 
   -1.0472   -2.51327   -49.8065   -39.4668 
 -0.837758   -2.51327   -58.5757   -39.8259 
 -0.628319   -2.51327   -13.8208   -5.91225 
 -0.418879   -2.51327  -0.440331  -0.671018 
  -0.20944   -2.51327          0          0 
         0   -2.51327    1.99584  0.0331167 
   0.20944   -2.51327    55.6654   -1.48083 
  0.418879   -2.51327    48.9178   -9.90784 
  0.628319   -2.51327    32.5662    -19.326 
  0.837758   -2.51327    10.8805   -24.6673 
    1.0472   -2.51327      -15.4    -19.718 
   1.25664   -2.51327   -36.9718   -17.7235 
   1.46608   -2.51327   -59.5996   -25.0424 
   1.67552   -2.51327   -10.2331   0.422649 
   1.88496   -2.51327          0          0 
    2.0944   -2.51327          0          0 
   2.30383   -2.51327          0          0 
   2.51327   -2.51327          0          0 
   2.72271   -2.51327          0          0 
   2.93215   -2.51327    1.57115  -0.773461 
   3.14159   -2.51327    47.1384   -17.6968 
  -3.14159   -2.30383    39.5205    8.72467 
  -2.93215   -2.30383    47.3397    -9.1144 
  -2.72271   -2.30383    14.7831   -17.1736 
  -2.51327   -2.30383    4.27228   -20.1799 
  -2.30383   -2.30383  -0.560721   -14.7521 
   -2.0944   -2.30383   -2.10526   -19.1813 
  -1.88496   -2.30383    3.74096   -21.3978 
  -1.67552   -2.30383   -3.42698   -18.1056 
  -1.46608   -2.30383   -12.5043   -17.8489 
  -1.25664   -2.30383   -25.6689    -20.319 
   -1.0472   -2.30383   -43.3858   -5.37893 
 -0.837758   -2.30383   -52.8318   -4.52819 
 -0.628319   -2.30383   -8.05031     2.9161 
 -0.418879   -2.30383          0          0 
  -0.20944   -2.30383    2.35465    3.52265 
         0   -2.30383     12.287    6.94702 
   0.20944   -2.30383    42.3253     20.298 
  0.418879   -2.30383    40.6163    8.04575 
  0.628319   -2.30383    31.0666     4.3441 
  0.837758   -2.30383    9.09862   -11.4058 
    1.0472   -2.30383    -19.864   -7.09022 
   1.25664   -2.30383   -37.1477   -5.53193 
   1.46608   -2.30383   -47.3108    5.85732 
   1.67552   -2.30383   -5.42534    3.89091 
   1.88496   -2.30383          0          0 
    2.0944   -2.30383          0          0 
   2.30383   -2.30383          0          0 
   2.51327   -2.30383          0          0 
   2.72271   -2.30383          0          0 
   2.93215   -2.30383          0          0 
   3.14159   -2.30383    39.5205    8.72467 
  -3.14159    -2.0944    36.8925    19.6053 
  -2.93215    -2.0944     39.781    16.4239 
  -2.72271    -2.0944    28.9456   -1.49977 
  -2.51327    -2.0944    8.54003   -9.00119 
  -2.30383    -2.0944     3.9764   -1.33021 
   -2.0944    -2.0944    -2.0997    4.57674 
  -1.88496    -2.0944   0.451513   -4.03081 
  -1.67552    -2.0944    6.02756    7.02326 
  -1.46608    -2.0944   -8.63819  -0.629457 
  -1.25664    -2.0944   -16.0949    9.29725 
   -1.0472    -2.0944   -30.6638    24.5205 
 -0.837758    -2.0944   -34.6633     24.429 
 -0.628319    -2.0944   -16.7217    19.6093 
 -0.418879    -2.0944   -1.04757    25.2605 
  -0.20944    -2.0944    3.05878    23.6849 
         0    -2.0944     24.458    33.3477 
   0.20944    -2.0944    37.1643    36.6759 
  0.418879    -2.0944    31.0655    18.3522 
  0.628319    -2.0944    26.5988    15.2145 
  0.837758    -2.0944     9.3349    5.82303 
    1.0472    -2.0944   -11.9487    -1.2359 
   1.25664    -2.0944   -34.2776   -4.45562 
   1.46608    -2.0944   -47.9086    8.01656 
   1.67552    -2.0944   -31.0381    13.8636 
   1.88496    -2.0944   -1.15761  -0.112972 
    2.0944    -2.0944          0          0 
   2.30383    -2.0944          0          0 
   2.51327    -2.0944          0          0 
   2.72271    -2.0944          0          0 
   2.93215    -2.0944    9.34339    4.89927 
   3.14159    -2.0944    36.8925    19.6053 
  -3.14159   -1.88496    49.3033    26.4099 
  -2.93215   -1.88496    37.6289    20.4217 
  -2.72271   -1.88496    27.7838    19.6872 
  -2.51327   -1.88496    12.1553    17.9664 
  -2.30383   -1.88496    3.73284    7.10112 
   -2.0944   -1.88496    2.67312    10.3663 
  -1.88496   -1.88496   -3.89582    13.1895 
  -1.67552   -1.88496   -5.20125    10.5757 
  -1.46608   -1.88496   -10.3508    11.3128 
  -1.25664   -1.88496   -14.9707    21.2739 
   -1.0472   -1.88496   -27.7555     23.627 
 -0.837758   -1.88496   -30.6091    33.5065 
 -0.628319   -1.88496   -16.7033     51.294 
 -0.418879   -1.88496    5.30766    62.0021 
  -0.20944   -1.88496    7.42951    48.2237 
         0   -1.88496    10.2921     30.511 
   0.20944   -1.88496    18.9845    26.7655 
  0.418879   -1.88496    22.8888    19.6867 
  0.628319   -1.88496    13.6264    3.83782 
  0.837758   -1.88496    7.13514   -4.23535 
    1.0472   -1.88496   -10.3369   -9.45429 
   1.25664   -1.88496   -28.2501   0.318181 
   1.46608   -1.88496   -40.3938    13.3821 
   1.67552   -1.88496   -31.5927    4.40457 
   1.88496   -1.88496   -3.17268    1.17649 
    2.0944   -1.88496          0          0 
   2.30383   -1.88496          0          0 
   2.51327   -1.88496          0          0 
   2.72271   -1.88496          0          0 
   2.93215   -1.88496    26.5284    6.19096 
   3.14159   -1.88496    49.3033    26.4099 
  -3.14159   -1.67552    41.4629    31.5085 
  -2.93215   -1.67552    34.6384    20.2115 
  -2.72271   -1.67552    20.9752    32.9359 
  -2.51327   -1.67552    7.82955    18.6576 
  -2.30383   -1.67552    1.86536     20.191 
   -2.0944   -1.67552  -0.115484    18.5085 
  -1.88496   -1.67552   -2.44996    13.9166 
  -1.67552   -1.67552    1.46271    15.8889 
  -1.46608   -1.67552   -2.16454    17.6079 
  -1.25664   -1.67552   -14.8124     18.836 
   -1.0472   -1.67552    -19.609    33.7332 
 -0.837758   -1.67552   -19.5724    38.6779 
 -0.628319   -1.67552   -15.8668    37.5599 
 -0.418879   -1.67552   -11.3991    44.4898 
  -0.20944   -1.67552    9.27764    46.7246 
         0   -1.67552    12.3396    32.4145 
   0.20944   -1.67552    14.6921    22.9099 
  0.418879   -1.67552    9.54175 -0.0667279 
  0.628319   -1.67552    3.97479   -17.1118 
  0.837758   -1.67552   0.238577    -21.785 
    1.0472   -1.67552   -12.6444   -23.8818 
   1.25664   -1.67552   -31.9977   -16.8016 
   1.46608   -1.67552   -37.2245   -6.45476 
   1.67552   -1.67552   -38.7835     7.0973 
   1.88496   -1.67552   -15.7284    3.28832 
    2.0944   -1.67552 0.00941102   0.634574 
   2.30383   -1.67552          0          0 
   2.51327   -1.67552          0          0 
   2.72271   -1.67552          0          0 
   2.93215   -1.67552    17.3261    9.60005 
   3.14159   -1.67552    41.4629    31.5085 
  -3.14159   -1.46608    45.8795    33.2659 
  -2.93215   -1.46608    26.2759    26.5472 
  -2.72271   -1.46608    16.3967    28.5991 
  -2.51327   -1.46608    2.92748    20.1341 
  -2.30383   -1.46608    2.09726    17.8275 
   -2.0944   -1.46608   -1.54603    18.5934 
  -1.88496   -1.46608    2.50011    18.1023 
  -1.67552   -1.46608    13.5278     25.155 
  -1.46608   -1.46608   0.119408    19.9054 
  -1.25664   -1.46608    1.01978    34.8049 
   -1.0472   -1.46608   -8.03483    36.4625 
 -0.837758   -1.46608   -9.59124    39.4664 
 -0.628319   -1.46608   -11.5235    39.5263 
 -0.418879   -1.46608   -6.86133    40.5741 
  -0.20944   -1.46608   -5.00632    30.0363 
         0   -1.46608  -0.856058    17.8242 
   0.20944   -1.46608  -0.480977    1.92684 
  0.418879   -1.46608   -6.72026   -12.6591 
  0.628319   -1.46608   -3.93403   -27.2014 
  0.837758   -1.46608   -3.59491   -37.7529 
    1.0472   -1.46608   -17.1384   -36.8293 
   1.25664   -1.46608   -21.7566   -20.9928 
   1.46608   -1.46608   -24.5299    -15.718 
   1.67552   -1.46608   -32.7892   -7.64507 
   1.88496   -1.46608   -35.0281    12.8877 
    2.0944   -1.46608   -9.17074    3.84522 
   2.30383   -1.46608          0          0 
   2.51327   -1.46608          0          0 
   2.72271   -1.46608    20.1726     22.467 
   2.93215   -1.46608    48.4121    35.2943 
   3.14159   -1.46608    45.8795    33.2659 
  -3.14159   -1.25664    48.8495    25.7172 
  -2.93215   -1.25664    27.4703    25.9802 
  -2.72271   -1.25664    18.0111    24.4349 
  -2.51327   -1.25664    3.43282    16.5595 
  -2.30383   -1.25664   -5.69469    13.2628 
   -2.0944   -1.25664   0.183553    10.0048 
  -1.88496   -1.25664    11.1194    18.0762 
  -1.67552   -1.25664    7.34363    14.1691 
  -1.46608   -1.25664    2.40138    18.5272 
  -1.25664   -1.25664    5.04955    33.2948 
   -1.0472   -1.25664   -3.96547    33.2017 
 -0.837758   -1.25664   -9.16582     36.298 
 -0.628319   -1.25664   -11.9003    39.6451 
 -0.418879   -1.25664    -13.531    32.7472 
  -0.20944   -1.25664   -11.8982    13.4008 
         0   -1.25664   -16.4401   -7.21065 
   0.20944   -1.25664    -23.879   -23.6999 
  0.418879   -1.25664   -21.3192   -33.6708 
  0.628319   -1.25664   -16.3748   -51.4784 
  0.837758   -1.25664   -13.4437   -54.9155 
    1.0472   -1.25664   -10.3022   -51.7798 
   1.25664   -1.25664   -4.93497   -30.4139 
   1.46608   -1.25664   -8.78439   -14.6115 
   1.67552   -1.25664   -16.6017      12.25 
   1.88496   -1.25664   -32.8889    3.37383 
    2.0944   -1.25664   -9.93253     5.3001 
   2.30383   -1.25664    6.20827     5.5364 
   2.51327   -1.25664    13.5524    21.5641 
   2.72271   -1.25664     47.813    34.7915 
   2.93215   -1.25664    51.1246    25.3582 
   3.14159   -1.25664    48.8495    25.7172 
  -3.14159    -1.0472    35.7489    14.7132 
  -2.93215    -1.0472    27.4566     17.294 
  -2.72271    -1.0472    11.4005    12.1816 
  -2.51327    -1.0472   -0.79018    7.95062 
  -2.30383    -1.0472   -6.57908    12.4124 
   -2.0944    -1.0472  0.0674506    10.3124 
  -1.88496    -1.0472    6.12752    14.9021 
  -1.67552    -1.0472    7.51407     19.868 
  -1.46608    -1.0472    8.76267    18.1868 
  -1.25664    -1.0472    8.26702     28.387 
   -1.0472    -1.0472 -0.0353877    29.1168 
 -0.837758    -1.0472   -10.9267    24.2379 
 -0.628319    -1.0472   -16.6614     22.115 
 -0.418879    -1.0472    -28.905    3.95463 
  -0.20944    -1.0472   -31.5335   -10.7128 
         0    -1.0472   -36.7512   -29.1784 
   0.20944    -1.0472   -41.0307   -48.0315 
  0.418879    -1.0472   -26.7063   -61.2635 
  0.628319    -1.0472   -6.14423   -26.8446 
  0.837758    -1.0472   -7.90158   -48.2496 
    1.0472    -1.0472    12.2412   -48.0548 
   1.25664    -1.0472    18.2147    -17.304 
   1.46608    -1.0472    6.50427   -6.00166 
   1.67552    -1.0472   -9.74726    2.42212 
   1.88496    -1.0472   -21.0976    3.86712 
    2.0944    -1.0472   -22.0005    4.16797 
   2.30383    -1.0472    13.8382    1.99454 
   2.51327    -1.0472    26.8353    23.8573 
   2.72271    -1.0472    47.2311    26.2127 
   2.93215    -1.0472    53.8535    23.2167 
   3.14159    -1.0472    35.7489    14.7132 
  -3.14159  -0.837758    35.5766    2.34528 
  -2.93215  -0.837758    25.6475    10.2728 
  -2.72271  -0.837758     9.0994   0.663596 
  -2.51327  -0.837758   -2.38235    8.16185 
  -2.30383  -0.837758   -7.51933   0.487094 
   -2.0944  -0.837758     5.6032    10.6443 
  -1.88496  -0.837758    5.72013    11.3548 
  -1.67552  -0.837758    10.4234    12.5891 
  -1.46608  -0.837758    8.23924    9.36647 
  -1.25664  -0.837758    11.6754    17.1282 
   -1.0472  -0.837758   -3.51107    12.5207 
 -0.837758  -0.837758   -16.9113    8.20052 
 -0.628319  -0.837758    -27.519   0.858624 
 -0.418879  -0.837758   -39.7242   -13.3879 
  -0.20944  -0.837758   -46.3801   -35.5992 
         0  -0.837758   -48.8141   -53.3845 
   0.20944  -0.837758   -24.7646   -29.5908 
  0.418879  -0.837758   -1.87862   -2.67313 
  0.628319  -0.837758          0          0 
  0.837758  -0.837758    3.39797   -2.80697 
    1.0472  -0.837758    23.4061   -8.14689 
   1.25664  -0.837758     31.844   -5.20933 
   1.46608  -0.837758    12.1244   -3.22339 
   1.67552  -0.837758   -7.50488   -3.29403 
   1.88496  -0.837758   -25.6131    2.42712 
    2.0944  -0.837758   -19.5891    7.11202 
   2.30383  -0.837758    20.2045    3.87109 
   2.51327  -0.837758    39.0354    2.95016 
   2.72271  -0.837758    52.4389    19.2586 
   2.93215  -0.837758    42.8539    13.1669 
   3.14159  -0.837758    35.5766    2.34528 
  -3.14159  -0.628319     38.703   -6.10604 
  -2.93215  -0.628319    25.1118   -6.87966 
  -2.72271  -0.628319    13.4864   -5.73467 
  -2.51327  -0.628319   0.803928   -4.50659 
  -2.30383  -0.628319  -0.548554    -5.3503 
   -2.0944  -0.628319    4.78273   -2.04634 
  -1.88496  -0.628319    8.74858  -0.432085 
  -1.67552  -0.628319    12.9854   -1.42967 
  -1.46608  -0.628319    15.3307   -2.31689 
  -1.25664  -0.628319    7.18336   -1.31356 
   -1.0472  -0.628319   -6.23192    -2.3914 
 -0.837758  -0.628319   -25.5425   -11.9533 
 -0.628319  -0.628319   -45.2429   -30.4188 
 -0.418879  -0.628319   -66.1532   -50.6521 
  -0.20944  -0.628319   -77.1976   -64.1268 
         0  -0.628319   -11.1583   -11.6822 
   0.20944  -0.628319          0          0 
  0.418879  -0.628319          0          0 
  0.628319  -0.628319          0          0 
  0.837758  -0.628319          0          0 
    1.0472  -0.628319     14.423    6.22651 
   1.25664  -0.628319    41.6904    21.9367 
   1.46608  -0.628319     7.5567    7.38235 
   1.67552  -0.628319   -16.2737   -1.90602 
   1.88496  -0.628319     -24.44   -13.6749 
    2.0944  -0.628319   -9.75591   -5.98931 
   2.30383  -0.628319    4.65104   -6.61818 
   2.51327  -0.628319    46.9262   -5.89307 
   2.72271  -0.628319     47.176    1.46694 
   2.93215  -0.628319    52.9177   -4.19181 
   3.14159  -0.628319     38.703   -6.10604 
  -3.14159  -0.418879    44.3298   -13.0316 
  -2.93215  -0.418879    30.6606     -11.41 
  -2.72271  -0.418879    16.4804    -10.151 
  -2.51327  -0.418879    6.52037   -9.59928 
  -2.30383  -0.418879    5.43571   -5.74757 
   -2.0944  -0.418879    7.06379   -5.00791 
  -1.88496  -0.418879    11.6874   -14.3907 
  -1.67552  -0.418879    12.4355   -9.19781 
  -1.46608  -0.418879    6.81411   -12.2677 
  -1.25664  -0.418879   -4.35897   -21.2318 
   -1.0472  -0.418879   -18.4167   -21.7512 
 -0.837758  -0.418879   -43.8502   -39.5513 
 -0.628319  -0.418879   -56.0281   -49.0287 
 -0.418879  -0.418879   -73.2216   -61.0249 
  -0.20944  -0.418879   -16.6758   -13.1145 
         0  -0.418879          0          0 
   0.20944  -0.418879          0          0 
  0.418879  -0.418879          0          0 
  0.628319  -0.418879          0          0 
  0.837758  -0.418879    20.0647    18.8333 
    1.0472  -0.418879    38.2049    55.1325 
   1.25664  -0.418879    20.4848    40.8352 
   1.46608  -0.418879   0.590767    24.6737 
   1.67552  -0.418879   -24.1594    5.24219 
   1.88496  -0.418879    -42.872    1.54473 
    2.0944  -0.418879   -10.8053   -7.08536 
   2.30383  -0.418879    3.13767   0.796008 
   2.51327  -0.418879    42.3429   -9.78053 
   2.72271  -0.418879    48.5764   -18.6487 
   2.93215  -0.418879     53.821   -20.5665 
   3.14159  -0.418879    44.3298   -13.0316 
  -3.14159   -0.20944    39.9027    -18.277 
  -2.93215   -0.20944    31.9407   -14.9801 
  -2.72271   -0.20944    19.1408   -11.8229 
  -2.51327   -0.20944    8.91643   -4.73327 
  -2.30383   -0.20944    9.65265    1.43138 
   -2.0944   -0.20944    4.24144  0.0595758 
  -1.88496   -0.20944    10.5079   -7.46048 
  -1.67552   -0.20944    5.18995   -5.63531 
  -1.46608   -0.20944    1.97074   -14.1438 
  -1.25664   -0.20944   -6.50466   -23.7774 
   -1.0472   -0.20944   -39.1186   -42.7513 
 -0.837758   -0.20944   -49.2465   -51.8449 
 -0.628319   -0.20944    -59.976   -63.3426 
 -0.418879   -0.20944   -13.6717   -14.9618 
  -0.20944   -0.20944          0          0 
         0   -0.20944          0          0 
   0.20944   -0.20944          0          0 
  0.418879   -0.20944          0          0 
  0.628319   -0.20944    3.84672    3.78443 
  0.837758   -0.20944    74.3403      74.35 
    1.0472   -0.20944    35.8262    52.3203 
   1.25664   -0.20944    7.70705    40.9283 
   1.46608   -0.20944   -16.9515    25.2208 
   1.67552   -0.20944   -31.9761     6.4899 
   1.88496   -0.20944   -39.3609    6.98261 
    2.0944   -0.20944   -19.0023   0.465141 
   2.30383   -0.20944    2.70255   -1.50632 
   2.51327   -0.20944     8.8409   -13.6212 
   2.72271   -0.20944     37.376     -21.06 
   2.93215   -0.20944    54.5087   -25.0562 
   3.14159   -0.20944    39.9027    -18.277 
  -3.14159          0    50.6666   -14.0099 
  -2.93215          0    49.3983   -11.3307 
  -2.72271          0    20.2076    4.42465 
  -2.51327          0    11.4079    5.25436 
  -2.30383          0    5.14339    9.68693 
   -2.0944          0    6.17342    2.86927 
  -1.88496          0    2.70766   0.228464 
  -1.67552          0    1.42424   -5.08362 
  -1.46608          0   -1.90615   -16.5843 
  -1.25664          0   -20.0396   -40.6016 
   -1.0472          0   -49.5431   -54.8985 
 -0.837758          0   -64.8525   -68.9307 
 -0.628319          0   -2.43377   -4.16107 
 -0.418879          0          0          0 
  -0.20944          0          0          0 
         0          0          0          0 
   0.20944          0          0          0 
  0.418879          0          0          0 
  0.628319          0    47.6309    41.6148 
  0.837758          0     57.694    65.5458 
    1.0472          0    20.9032    48.6558 
   1.25664          0   -10.1474    33.3325 
   1.46608          0   -42.3637    14.4538 
   1.67552          0   -55.2916    1.67001 
   1.88496          0   -51.6352    -4.0381 
    2.0944          0   -23.0128    3.30535 
   2.30383          0          0          0 
   2.51327          0          0          0 
   2.72271          0    1.99257  -0.565664 
   2.93215          0    25.4248   -10.0614 
   3.14159          0    50.6666   -14.0099 
  -3.14159    0.20944    58.5408    5.74119 
  -2.93215    0.20944    42.0167    11.4211 
  -2.72271    0.20944    21.9952    14.0647 
  -2.51327    0.20944    10.3645    12.6819 
  -2.30383    0.20944  0.0365323    14.8668 
   -2.0944    0.20944    1.10504    6.99413 
  -1.88496    0.20944   -5.40686    2.99096 
  -1.67552    0.20944   -11.9902   -5.55071 
  -1.46608    0.20944   -24.1179   -26.6736 
  -1.25664    0.20944   -40.5572   -54.1087 
   -1.0472    0.20944   -45.9912     -40.46 
 -0.837758    0.20944   -3.12315   -2.69978 
 -0.628319    0.20944          0          0 
 -0.418879    0.20944          0          0 
  -0.20944    0.20944          0          0 
         0    0.20944          0          0 
   0.20944    0.20944          0          0 
  0.418879    0.20944    26.1472      24.43 
  0.628319    0.20944    64.8782    59.3932 
  0.837758    0.20944     43.042    47.7066 
    1.0472    0.20944     7.6514    37.0824 
   1.25664    0.20944   -29.5199    19.9832 
   1.46608    0.20944    -49.564    13.9961 
   1.67552    0.20944   -65.2311    7.01209 
   1.88496    0.20944   -74.3251    3.45816 
    2.0944    0.20944   -50.2133   -7.26124 
   2.30383    0.20944          0          0 
   2.51327    0.20944          0          0 
   2.72271    0.20944          0          0 
   2.93215    0.20944    53.7431    10.8271 
   3.14159    0.20944    58.5408    5.74119 
  -3.14159   0.418879    55.5933    15.5111 
  -2.93215   0.418879    37.9308    16.5422 
  -2.72271   0.418879    22.0778    18.1706 
  -2.51327   0.418879    8.18684    18.3844 
  -2.30383   0.418879    2.31469     13.498 
   -2.0944   0.418879   -2.90263    9.84241 
  -1.88496   0.418879   -11.1119      6.635 
  -1.67552   0.418879    -26.257   -7.15675 
  -1.46608   0.418879   -37.8827   -28.8303 
  -1.25664   0.418879   -57.2778   -42.6341 
   -1.0472   0.418879   -1.91219   -3.65379 
 -0.837758   0.418879          0          0 
 -0.628319   0.418879          0          0 
 -0.418879   0.418879          0          0 
  -0.20944   0.418879          0          0 
         0   0.418879          0          0 
   0.20944   0.418879    21.2421    16.8369 
  0.418879   0.418879    85.3526    75.4457 
  0.628319   0.418879    57.4891    55.0805 
  0.837758   0.418879    23.0408    33.4186 
    1.0472   0.418879   -8.43026    22.5347 
   1.25664   0.418879   -36.3993    14.0568 
   1.46608   0.418879   -48.0416    14.9954 
   1.67552   0.418879   -58.5819    5.92355 
   1.88496   0.418879   -60.9046     1.3022 
    2.0944   0.418879   -25.1881   0.920173 
   2.30383   0.418879   -3.55344    3.90164 
   2.51327   0.418879    3.72355    4.87202 
   2.72271   0.418879    11.1329    6.84185 
   2.93215   0.418879    63.2591     20.563 
   3.14159   0.418879    55.5933    15.5111 
  -3.14159   0.628319    53.8246    18.5314 
  -2.93215   0.628319    39.3069    18.5676 
  -2.72271   0.628319    23.3047    16.8543 
  -2.51327   0.628319    8.92731    17.8815 
  -2.30383   0.628319   -4.06577    8.60871 
   -2.0944   0.628319   -9.72615    10.2823 
  -1.88496   0.628319   -18.6675    11.8885 
  -1.67552   0.628319   -42.8665   -5.59225 
  -1.46608   0.628319   -63.6766   -7.74469 
  -1.25664   0.628319   -24.9065  0.0326929 
   -1.0472   0.628319          0          0 
 -0.837758   0.628319          0          0 
 -0.628319   0.628319          0          0 
 -0.418879   0.628319          0          0 
  -0.20944   0.628319          0          0 
         0   0.628319    3.78647    4.31971 
   0.20944   0.628319    82.3838    68.9711 
  0.418879   0.628319    67.9888    55.6776 
  0.628319   0.628319     41.303    34.4931 
  0.837758   0.628319    10.6423    20.3563 
    1.0472   0.628319   -17.7771    10.9127 
   1.25664   0.628319   -42.0011    8.48195 
   1.46608   0.628319    -54.778    11.7292 
   1.67552   0.628319   -63.3582    10.9014 
   1.88496   0.628319   -55.7118    3.25282 
    2.0944   0.628319   -42.8417    6.99395 
   2.30383   0.628319   -2.37413    2.18965 
   2.51327   0.628319    9.39465    25.6114 
   2.72271   0.628319    35.1054    40.5623 
   2.93215   0.628319    54.8672    28.0903 
   3.14159   0.628319    53.8246    18.5314 
  -3.14159   0.837758    59.6181    12.5468 
  -2.93215   0.837758    38.7755     14.298 
  -2.72271   0.837758    19.9508    14.8812 
  -2.51327   0.837758    9.64325    15.9129 
  -2.30383   0.837758   -1.06889    6.96749 
   -2.0944   0.837758   -10.3674    8.40085 
  -1.88496   0.837758   -23.9979    2.18525 
  -1.67552   0.837758   -43.7179    3.85514 
  -1.46608   0.837758   -65.0117    7.69191 
  -1.25664   0.837758    -28.088    9.10835 
   -1.0472   0.837758   0.406448   0.869478 
 -0.837758   0.837758          0          0 
 -0.628319   0.837758          0          0 
 -0.418879   0.837758    2.64073    3.97363 
  -0.20944   0.837758    33.9447      37.46 
         0   0.837758    80.7101    81.9515 
   0.20944   0.837758    65.9249    55.6119 
  0.418879   0.837758    51.6745    36.2445 
  0.628319   0.837758    24.5692    14.0941 
  0.837758   0.837758    1.35851    2.61339 
    1.0472   0.837758    -25.623    2.87802 
   1.25664   0.837758   -43.9239    8.25175 
   1.46608   0.837758   -58.0205    10.9789 
   1.67552   0.837758   -67.3393   0.310559 
   1.88496   0.837758   -59.2888   -4.09993 
    2.0944   0.837758   -37.4873    8.30453 
   2.30383   0.837758    0.42787     18.284 
   2.51327   0.837758    36.9147    20.5339 
   2.72271   0.837758    64.2361     20.157 
   2.93215   0.837758     65.993    15.2792 
   3.14159   0.837758    59.6181    12.5468 
  -3.14159     1.0472    50.0691     6.5074 
  -2.93215     1.0472    34.6089    10.5146 
  -2.72271     1.0472    19.5083    14.7901 
  -2.51327     1.0472    13.2086    9.81776 
  -2.30383     1.0472    2.06283    2.48232 
   -2.0944     1.0472   -9.14574    10.3686 
  -1.88496     1.0472   -25.0581    6.59031 
  -1.67552     1.0472   -43.3875    7.33826 
  -1.46608     1.0472    -54.926    19.8489 
  -1.25664     1.0472   -49.8412      42.13 
   -1.0472     1.0472   -12.2501     24.675 
 -0.837758     1.0472   -4.11058    18.8535 
 -0.628319     1.0472    4.37147    26.0845 
 -0.418879     1.0472    50.5827    82.0065 
  -0.20944     1.0472    56.9541      64.65 
         0     1.0472    57.3926    50.9386 
   0.20944     1.0472    44.4809    27.3513 
  0.418879     1.0472    33.5524    10.7796 
  0.628319     1.0472    14.0341    -4.4511 
  0.837758     1.0472    1.00154   -2.12872 
    1.0472     1.0472   -25.9013   -3.10236 
   1.25664     1.0472   -47.3407   -5.50482 
   1.46608     1.0472   -55.9637   -3.74184 
   1.67552     1.0472    -62.514     -1.941 
   1.88496     1.0472   -64.8618   -1.53125 
    2.0944     1.0472   -43.0899    11.6475 
   2.30383     1.0472 -0.0731023    14.4042 
   2.51327     1.0472    40.8669    19.0441 
   2.72271     1.0472    58.2645    13.1242 
   2.93215     1.0472    62.7605    13.7351 
   3.14159     1.0472    50.0691     6.5074 
  -3.14159    1.25664    47.3783   -2.28124 
  -2.93215    1.25664    33.3173   -2.21151 
  -2.72271    1.25664      19.66    4.86095 
  -2.51327    1.25664    6.16907   0.145776 
  -2.30383    1.25664    2.21204   -1.55571 
   -2.0944    1.25664    -6.6114    6.56705 
  -1.88496    1.25664   -17.4671    3.51304 
  -1.67552    1.25664   -33.3028    13.2781 
  -1.46608    1.25664    -43.429    22.1084 
  -1.25664    1.25664    -29.083    43.1777 
   -1.0472    1.25664   -19.5015    68.7689 
 -0.837758    1.25664   -3.92957    73.9894 
 -0.628319    1.25664    27.9213    70.7975 
 -0.418879    1.25664     32.427    59.5279 
  -0.20944    1.25664     35.508    42.6239 
         0    1.25664    31.7809    26.6512 
   0.20944    1.25664    26.2243     8.2225 
  0.418879    1.25664     22.665   0.173662 
  0.628319    1.25664    9.76823   -13.4904 
  0.837758    1.25664   -7.42501   -12.4028 
    1.0472    1.25664   -24.8921   -7.71054 
   1.25664    1.25664   -41.9912   -7.94808 
   1.46608    1.25664   -64.5469   -12.6449 
   1.67552    1.25664   -56.9865   -10.6258 
   1.88496    1.25664   -59.0825   -4.16523 
    2.0944    1.25664   -42.5165   -4.01728 
   2.30383    1.25664     10.047    4.69536 
   2.51327    1.25664    43.3558    9.11696 
   2.72271    1.25664    65.3201    10.0431 
   2.93215    1.25664     58.942    7.40854 
   3.14159    1.25664    47.3783   -2.28124 
  -3.14159    1.46608    49.8845   -1.40769 
  -2.93215    1.46608    31.1912 -0.0497146 
  -2.72271    1.46608    15.4002     2.5246 
  -2.51327    1.46608    5.58467    2.15932 
  -2.30383    1.46608    2.30501   -1.57396 
   -2.0944    1.46608   -7.74406   0.980462 
  -1.88496    1.46608     -15.09    3.33304 
  -1.67552    1.46608   -24.5769    15.3439 
  -1.46608    1.46608   -23.7437     30.107 
  -1.25664    1.46608   -8.29734    47.2122 
   -1.0472    1.46608   -2.21994    64.0467 
 -0.837758    1.46608     5.6782    62.6563 
 -0.628319    1.46608    12.7452    52.0238 
 -0.418879    1.46608    13.7833    38.0871 
  -0.20944    1.46608    13.9717    20.5066 
         0    1.46608     12.223    4.48414 
   0.20944    1.46608    13.7252   -5.67086 
  0.418879    1.46608    13.9483   -12.7754 
  0.628319    1.46608    7.63426   -16.7608 
  0.837758    1.46608   -5.65142   -21.8157 
    1.0472    1.46608   -16.5526    -7.0489 
   1.25664    1.46608   -35.8927    -7.4457 
   1.46608    1.46608   -51.7633   -10.6193 
   1.67552    1.46608   -55.3426   -6.54971 
   1.88496    1.46608   -39.9381    9.24006 
    2.0944    1.46608   -10.1707    7.23013 
   2.30383    1.46608    17.2999    4.51075 
   2.51327    1.46608    38.1671    8.09818 
   2.72271    1.46608    52.9555    5.12053 
   2.93215    1.46608     58.909    -1.1455 
   3.14159    1.46608    49.8845   -1.40769 
  -3.14159    1.67552    47.1926   -2.94154 
  -2.93215    1.67552     26.623    5.30646 
  -2.72271    1.67552    12.2785    5.06332 
  -2.51327    1.67552       6.07    5.17547 
  -2.30383    1.67552    1.12778    4.02064 
   -2.0944    1.67552   0.396489    1.24256 
  -1.88496    1.67552   -4.64555    10.2369 
  -1.67552    1.67552   -9.33973    7.72161 
  -1.46608    1.67552   -5.23319    27.4016 
  -1.25664    1.67552   -3.87663    37.8162 
   -1.0472    1.67552  -0.168844    45.0991 
 -0.837758    1.67552   -6.19837    42.4219 
 -0.628319    1.67552   -7.69192    31.7147 
 -0.418879    1.67552   -6.11992    19.1712 
  -0.20944    1.67552    -5.1746     7.4398 
         0    1.67552    1.75582   -1.01027 
   0.20944    1.67552    6.83936   -8.62108 
  0.418879    1.67552    8.34374   -17.9294 
  0.628319    1.67552    7.27974   -25.7274 
  0.837758    1.67552   -3.37655   -22.5953 
    1.0472    1.67552   -16.1897   -10.3013 
   1.25664    1.67552   -36.8047   -3.55062 
   1.46608    1.67552   -53.6638   -10.7437 
   1.67552    1.67552   -59.7395    3.73209 
   1.88496    1.67552   -45.0613    2.05753 
    2.0944    1.67552    -19.963    7.40156 
   2.30383    1.67552    21.1115    9.35607 
   2.51327    1.67552    34.9731    4.62819 
   2.72271    1.67552    45.2491    -1.1705 
   2.93215    1.67552     58.362   -4.37594 
   3.14159    1.67552    47.1926   -2.94154 
  -3.14159    1.88496    45.3644   0.426969 
  -2.93215    1.88496    22.4923    12.7939 
  -2.72271    1.88496    11.0375    5.05146 
  -2.51327    1.88496    6.04847    9.12721 
  -2.30383    1.88496   -4.09397    4.12122 
   -2.0944    1.88496      7.402    6.31756 
  -1.88496    1.88496   0.802062     9.1086 
  -1.67552    1.88496   -1.46263    9.11685 
  -1.46608    1.88496 -0.0457506    20.4279 
  -1.25664    1.88496   -5.12052    19.7786 
   -1.0472    1.88496     -6.806    25.9539 
 -0.837758    1.88496   -10.3663    26.5828 
 -0.628319    1.88496    -11.345    21.2412 
 -0.418879    1.88496   -18.0181    13.8539 
  -0.20944    1.88496   -15.5502    7.84767 
         0    1.88496   -10.6342   -3.20874 
   0.20944    1.88496 -0.0214926   -9.03514 
  0.418879    1.88496    2.49366   -17.7217 
  0.628319    1.88496    10.2446   -21.0439 
  0.837758    1.88496    1.35903   -20.8723 
    1.0472    1.88496   -10.7731     -5.507 
   1.25664    1.88496   -33.2139    3.87588 
   1.46608    1.88496   -49.4105    4.70008 
   1.67552    1.88496   -54.6255    7.03594 
   1.88496    1.88496   -42.2082    10.6629 
    2.0944    1.88496   -15.4359    10.0463 
   2.30383    1.88496    11.8508    17.7894 
   2.51327    1.88496     35.476    11.4265 
   2.72271    1.88496    49.5496    9.10066 
   2.93215    1.88496    50.7877    7.60138 
   3.14159    1.88496    45.3644   0.426969 
  -3.14159     2.0944    45.0444     12.434 
  -2.93215     2.0944    30.5366    19.3862 
  -2.72271     2.0944    14.7154    14.2603 
  -2.51327     2.0944    4.83023    15.3636 
  -2.30383     2.0944   -1.45448     13.474 
   -2.0944     2.0944  -0.861048    13.4148 
  -1.88496     2.0944    4.93882    5.46263 
  -1.67552     2.0944    5.79938    10.4784 
  -1.46608     2.0944   0.588611    10.4511 
  -1.25664     2.0944   -2.78838    10.5733 
   -1.0472     2.0944   -7.08373    12.2435 
 -0.837758     2.0944   -18.3299    15.0899 
 -0.628319     2.0944   -23.9768    10.8707 
 -0.418879     2.0944    -28.761    6.49121 
  -0.20944     2.0944   -27.1357     2.5172 
         0     2.0944   -22.4721   -9.44371 
   0.20944     2.0944   -8.87836   -15.3447 
  0.418879     2.0944    2.38417   -23.5635 
  0.628319     2.0944     13.437   -17.7029 
  0.837758     2.0944    14.1012    -3.3912 
    1.0472     2.0944    1.54689    7.24636 
   1.25664     2.0944   -25.0639     10.338 
   1.46608     2.0944   -45.0574    14.3109 
   1.67552     2.0944   -52.5759    16.5327 
   1.88496     2.0944   -53.3046    16.4394 
    2.0944     2.0944   -31.8481    14.5453 
   2.30383     2.0944    6.58354    16.6156 
   2.51327     2.0944    42.2346    5.50842 
   2.72271     2.0944    55.5877    11.2184 
   2.93215     2.0944    50.3086    14.3845 
   3.14159     2.0944    45.0444     12.434 
  -3.14159    2.30383    37.3227    16.6835 
  -2.93215    2.30383    26.3956     18.816 
  -2.72271    2.30383    9.68907    17.6242 
  -2.51327    2.30383    3.29565    16.4153 
  -2.30383    2.30383   -1.91504    14.9464 
   -2.0944    2.30383   -3.97471    16.5239 
  -1.88496    2.30383    2.60414     11.344 
  -1.67552    2.30383    8.13618     13.341 
  -1.46608    2.30383    4.47089    12.7245 
  -1.25664    2.30383    1.77899    10.2345 
   -1.0472    2.30383   -9.71815    8.12361 
 -0.837758    2.30383   -17.3541    14.0224 
 -0.628319    2.30383   -29.9123    6.86331 
 -0.418879    2.30383     -31.49    5.52257 
  -0.20944    2.30383   -30.2597   -6.78686 
         0    2.30383   -27.7744   -14.0219 
   0.20944    2.30383   -9.43565   -13.0783 
  0.418879    2.30383    9.03873   -16.4489 
  0.628319    2.30383    25.8436   -4.83048 
  0.837758    2.30383    23.4446    8.55687 
    1.0472    2.30383    4.30394    15.4677 
   1.25664    2.30383   -23.0787     15.153 
   1.46608    2.30383   -46.0625    14.4403 
   1.67552    2.30383   -52.8564    17.4775 
   1.88496    2.30383   -47.5673    13.5696 
    2.0944    2.30383   -21.0481    11.4796 
   2.30383    2.30383     13.371    9.22264 
   2.51327    2.30383    37.6068    13.2913 
   2.72271    2.30383    51.5852    20.7043 
   2.93215    2.30383    52.5842    10.4468 
   3.14159    2.30383    37.3227    16.6835 
  -3.14159    2.51327    45.5649     9.9905 
  -2.93215    2.51327    24.3142     12.278 
  -2.72271    2.51327    10.9553    14.7779 
  -2.51327    2.51327   -1.18085    11.9025 
  -2.30383    2.51327    -4.4066    8.04236 
   -2.0944    2.51327   -3.78746    9.28585 
  -1.88496    2.51327    -1.6941    7.26842 
  -1.67552    2.51327    7.98228    9.39602 
  -1.46608    2.51327    6.09922    4.27475 
  -1.25664    2.51327     4.5907    5.87353 
   -1.0472    2.51327   -8.67171    4.41626 
 -0.837758    2.51327   -22.6769   0.368926 
 -0.628319    2.51327    -33.324     4.6191 
 -0.418879    2.51327   -34.7073   -2.47361 
  -0.20944    2.51327   -40.2107   -11.3696 
         0    2.51327   -35.7099   -20.4914 
   0.20944    2.51327   -8.00598   -15.7863 
  0.418879    2.51327    23.6927   -12.7835 
  0.628319    2.51327    40.0263   0.225509 
  0.837758    2.51327    29.8452    9.91295 
    1.0472    2.51327    4.25412    6.30275 
   1.25664    2.51327   -18.8697    14.5709 
   1.46608    2.51327   -43.4552    4.81689 
   1.67552    2.51327   -54.5516    9.89215 
   1.88496    2.51327   -51.6711    3.52651 
    2.0944    2.51327   -26.2439    6.60508 
   2.30383    2.51327    13.9783     4.7772 
   2.51327    2.51327    45.3999    14.3276 
   2.72271    2.51327    53.2932    19.6456 
   2.93215    2.51327    53.4427    11.3264 
   3.14159    2.51327    45.5649     9.9905 
  -3.14159    2.72271    49.0566   -7.70818 
  -2.93215    2.72271     29.592   -5.99966 
  -2.72271    2.72271    13.5205  -0.881825 
  -2.51327    2.72271 -0.0532614   -5.26329 
  -2.30383    2.72271   -2.75728   -6.09021 
   -2.0944    2.72271   -2.83198   -3.81552 
  -1.88496    2.72271 -0.0467546   -3.21956 
  -1.67552    2.72271    5.83064   -8.19943 
  -1.46608    2.72271    4.90358    -7.8865 
  -1.25664    2.72271   -1.43368   -10.0209 
   -1.0472    2.72271   -12.9693   -11.3069 
 -0.837758    2.72271   -25.3511   -13.8181 
 -0.628319    2.72271   -35.8667   -16.2652 
 -0.418879    2.72271   -46.2464   -23.7236 
  -0.20944    2.72271   -46.8396   -28.4997 
         0    2.72271    -28.201   -31.5364 
   0.20944    2.72271    19.1484   -15.2909 
  0.418879    2.72271    46.9552   -6.06839 
  0.628319    2.72271    54.0169    3.84953 
  0.837758    2.72271    29.6464   -1.43441 
    1.0472    2.72271    3.89469   -4.09558 
   1.25664    2.72271   -25.8175   -3.28471 
   1.46608    2.72271   -50.5895   -8.70288 
   1.67552    2.72271   -52.3216   -5.72316 
   1.88496    2.72271   -42.3297   -19.9308 
    2.0944    2.72271   -18.8052   -20.6653 
   2.30383    2.72271    8.85756   -17.7554 
   2.51327    2.72271    49.2778   -1.95146 
   2.72271    2.72271    51.8227  -0.987022 
   2.93215    2.72271    59.6004   -2.36704 
   3.14159    2.72271    49.0566   -7.70818 
  -3.14159    2.93215    49.5925   -19.5877 
  -2.93215    2.93215    28.5231   -19.3397 
  -2.72271    2.93215    7.75695   -16.5032 
  -2.51327    2.93215    1.37633   -22.1115 
  -2.30383    2.93215    -4.1651    -22.691 
   -2.0944    2.93215   -3.00244    -20.453 
  -1.88496    2.93215  -0.273364   -19.2707 
  -1.67552    2.93215    4.87401   -23.0286 
  -1.46608    2.93215    4.74608   -24.8907 
  -1.25664    2.93215    -6.8723   -29.1157 
   -1.0472    2.93215   -23.4453    -39.018 
 -0.837758    2.93215   -40.3967   -40.6999 
 -0.628319    2.93215   -54.8881   -46.4775 
 -0.418879    2.93215   -58.2692   -53.5413 
  -0.20944    2.93215   -57.5219   -57.0153 
         0    2.93215    -33.105   -54.7548 
   0.20944    2.93215     22.941   -34.1117 
  0.418879    2.93215    55.0921   -14.2154 
  0.628319    2.93215    50.8935    -10.077 
  0.837758    2.93215    27.4809   -17.0469 
    1.0472    2.93215  -0.653088   -18.8065 
   1.25664    2.93215   -27.7197   -18.1288 
   1.46608    2.93215   -55.5205   -24.2184 
   1.67552    2.93215   -56.8433   -23.8995 
   1.88496    2.93215   -46.5712   -17.0607 
    2.0944    2.93215   -15.9529   -36.6347 
   2.30383    2.93215    10.7696   -25.1805 
   2.51327    2.93215     37.812   -24.3225 
   2.72271    2.93215    54.8484    -24.308 
   2.93215    2.93215    59.0266    -24.779 
   3.14159    2.93215    49.5925   -19.5877 
  -3.14159    3.14159    47.4037   -42.0004 
  -2.93215    3.14159    25.4674   -32.2796 
  -2.72271    3.14159    11.6934    -37.213 
  -2.51327    3.14159    2.98307   -42.6796 
  -2.30383    3.14159   -6.48431   -33.1957 
   -2.0944    3.14159   -3.15573   -31.8094 
  -1.88496    3.14159   0.474153   -32.8649 
  -1.67552    3.14159    6.66128   -37.8778 
  -1.46608    3.14159    1.43281   -39.8619 
  -1.25664    3.14159   -10.1441   -46.5011 
   -1.0472    3.14159   -29.8814   -49.3302 
 -0.837758    3.14159   -48.9331   -58.6547 
 -0.628319    3.14159   -62.7379   -67.5205 
 -0.418879    3.14159   -66.8658   -76.6348 
  -0.20944    3.14159   -53.6877   -72.1711 
         0    3.14159   -13.4176   -72.9609 
   0.20944    3.14159    58.5947   -24.6138 
  0.418879    3.14159    74.3574   -6.68497 
  0.628319    3.14159    54.1624   -13.4955 
  0.837758    3.14159     28.538    -21.874 
    1.0472    3.14159   -7.06882   -25.3584 
   1.25664    3.14159   -38.4958    -25.124 
   1.46608    3.14159   -52.6253   -26.5864 
   1.67552    3.14159    -58.982   -35.2591 
   1.88496    3.14159   -39.7756   -35.9747 
    2.0944    3.14159   -14.2577   -15.2556 
   2.30383    3.14159   0.275245   -11.0349 
   2.51327    3.14159    38.8268    -38.091 
   2.72271    3.14159    58.1434   -47.1443 
   2.93215    3.14159    57.7187   -40.9556 
   3.14159    3.14159    47.4037   -42.0004 


