
Iteration: 20000000
Printing out the current Adaptive Biasing Vector Field.
First (Nr of CVs) columns are the coordinates, the next (Nr of CVs) columns are components of the Adaptive Force vector at that point.
The columns are 961 long, mapping out a surface of 31 by 31 points in 2 dimensions.

  -3.14159   -3.14159    45.6739   -26.2994 
  -2.93215   -3.14159    24.2874    -23.725 
  -2.72271   -3.14159    10.5258   -29.0486 
  -2.51327   -3.14159    1.09817    -32.941 
  -2.30383   -3.14159   -6.76354   -27.4393 
   -2.0944   -3.14159    -4.9008    -27.188 
  -1.88496   -3.14159    1.13806   -30.1946 
  -1.67552   -3.14159    6.56215   -32.8986 
  -1.46608   -3.14159    1.61236   -33.4319 
  -1.25664   -3.14159   -9.61883   -37.4372 
   -1.0472   -3.14159   -28.7912   -42.5009 
 -0.837758   -3.14159   -47.7187   -49.8259 
 -0.628319   -3.14159   -59.7189   -55.8639 
 -0.418879   -3.14159   -61.7228   -59.3964 
  -0.20944   -3.14159   -51.1936   -59.2966 
         0   -3.14159    2.51294   -35.9331 
   0.20944   -3.14159    55.3983   -7.91387 
  0.418879   -3.14159    63.5804   -2.34975 
  0.628319   -3.14159    53.1893   -1.27268 
  0.837758   -3.14159    26.9791   -10.0559 
    1.0472   -3.14159   -7.41143    -17.449 
   1.25664   -3.14159   -36.4536   -21.3514 
   1.46608   -3.14159   -50.0587   -19.9099 
   1.67552   -3.14159   -54.0178   -18.5807 
   1.88496   -3.14159    -44.826   -19.8061 
    2.0944   -3.14159   -23.2496   -19.5917 
   2.30383   -3.14159    9.76964    -23.468 
   2.51327   -3.14159    41.3615   -25.6559 
   2.72271   -3.14159    54.9492    -25.364 
   2.93215   -3.14159    56.7165   -24.1431 
   3.14159   -3.14159    45.6739   -26.2994 
  -3.14159   -2.93215    47.3001   -24.8189 
  -2.93215   -2.93215    28.0201   -25.3463 
  -2.72271   -2.93215      12.29   -30.2275 
  -2.51327   -2.93215   -1.08871     -31.67 
  -2.30383   -2.93215   -7.22796   -28.1042 
   -2.0944   -2.93215   -2.48953   -33.5645 
  -1.88496   -2.93215    1.93149   -29.6321 
  -1.67552   -2.93215    4.41899   -29.6987 
  -1.46608   -2.93215    1.47655   -29.7119 
  -1.25664   -2.93215   -12.9287   -37.8761 
   -1.0472   -2.93215   -32.7291   -40.4995 
 -0.837758   -2.93215   -51.6652   -47.1736 
 -0.628319   -2.93215   -63.6293   -48.2681 
 -0.418879   -2.93215   -54.1246   -45.1821 
  -0.20944   -2.93215   -24.4698   -32.1447 
         0   -2.93215    37.9681   -3.46196 
   0.20944   -2.93215    61.0793     7.0817 
  0.418879   -2.93215    60.3884     6.7704 
  0.628319   -2.93215    46.2593     1.3761 
  0.837758   -2.93215    19.5785   -8.86785 
    1.0472   -2.93215   -11.0028    -13.483 
   1.25664   -2.93215   -37.3005   -19.7645 
   1.46608   -2.93215   -51.9189   -18.3879 
   1.67552   -2.93215   -55.2784   -15.3017 
   1.88496   -2.93215   -44.7725   -15.3683 
    2.0944   -2.93215   -22.8283   -17.1001 
   2.30383   -2.93215    10.0406   -20.4626 
   2.51327   -2.93215    40.3104   -22.5814 
   2.72271   -2.93215    57.7388   -27.3891 
   2.93215   -2.93215    60.1232   -27.9318 
   3.14159   -2.93215    47.3001   -24.8189 
  -3.14159   -2.72271    50.4013   -20.4088 
  -2.93215   -2.72271    31.6414   -23.8512 
  -2.72271   -2.72271    15.8448   -30.4183 
  -2.51327   -2.72271    3.42871   -27.3503 
  -2.30383   -2.72271    -2.4774      -23.8 
   -2.0944   -2.72271    -2.6642   -24.4716 
  -1.88496   -2.72271   0.253455   -25.1684 
  -1.67552   -2.72271    2.44921   -22.3986 
  -1.46608   -2.72271   -4.18136   -24.9528 
  -1.25664   -2.72271   -19.1717   -30.1902 
   -1.0472   -2.72271   -40.1821   -34.6849 
 -0.837758   -2.72271   -55.9339   -34.1828 
 -0.628319   -2.72271   -58.0536   -30.7289 
 -0.418879   -2.72271    -40.429   -20.2703 
  -0.20944   -2.72271    4.17881   0.650979 
         0   -2.72271    42.4579    12.0915 
   0.20944   -2.72271     56.699    14.1914 
  0.418879   -2.72271    54.0116    7.54727 
  0.628319   -2.72271    39.6637  -0.768257 
  0.837758   -2.72271     13.426    -8.4296 
    1.0472   -2.72271   -16.0612   -12.6407 
   1.25664   -2.72271   -42.7703    -14.442 
   1.46608   -2.72271   -53.3652   -15.1268 
   1.67552   -2.72271    -57.424   -11.3878 
   1.88496   -2.72271   -47.9493   -10.4201 
    2.0944   -2.72271   -25.6137   -11.5371 
   2.30383   -2.72271    9.17987   -16.5824 
   2.51327   -2.72271    41.8057   -22.6688 
   2.72271   -2.72271    59.2892   -23.7462 
   2.93215   -2.72271     63.114    -24.414 
   3.14159   -2.72271    50.4013   -20.4088 
  -3.14159   -2.51327    52.6192   -16.5669 
  -2.93215   -2.51327    36.0192   -18.8558 
  -2.72271   -2.51327     17.099   -23.2004 
  -2.51327   -2.51327    4.09718   -20.2398 
  -2.30383   -2.51327  -0.978919   -17.8632 
   -2.0944   -2.51327   -4.14603   -16.0118 
  -1.88496   -2.51327  -0.779434   -20.6014 
  -1.67552   -2.51327   -1.66466    -21.257 
  -1.46608   -2.51327    -7.4196   -21.0596 
  -1.25664   -2.51327    -23.636   -23.0273 
   -1.0472   -2.51327   -42.4422   -22.5237 
 -0.837758   -2.51327   -54.7985   -19.3083 
 -0.628319   -2.51327    -49.825    -10.907 
 -0.418879   -2.51327   -20.8899    7.72721 
  -0.20944   -2.51327    21.3755    23.7792 
         0   -2.51327    44.7012     22.892 
   0.20944   -2.51327    52.4778    17.1926 
  0.418879   -2.51327    47.8612    8.44922 
  0.628319   -2.51327    31.9932   -1.51761 
  0.837758   -2.51327    7.16313   -9.30572 
    1.0472   -2.51327   -19.2336   -10.4082 
   1.25664   -2.51327   -41.9142   -11.9071 
   1.46608   -2.51327   -53.7918   -10.9299 
   1.67552   -2.51327   -57.3865   -7.22005 
   1.88496   -2.51327   -51.8618   -8.03768 
    2.0944   -2.51327   -27.0195   -7.72621 
   2.30383   -2.51327    6.44129    -10.887 
   2.51327   -2.51327    37.7898   -17.1414 
   2.72271   -2.51327    57.4137   -17.6627 
   2.93215   -2.51327    63.3382   -16.6076 
   3.14159   -2.51327    52.6192   -16.5669 
  -3.14159   -2.30383    52.4891   -9.00446 
  -2.93215   -2.30383    36.8709   -9.92964 
  -2.72271   -2.30383    18.0568   -16.7197 
  -2.51327   -2.30383    4.39932   -16.9286 
  -2.30383   -2.30383   -1.96739   -14.6234 
   -2.0944   -2.30383  0.0107515   -12.0048 
  -1.88496   -2.30383    0.73646   -13.7382 
  -1.67552   -2.30383   0.500854   -13.2244 
  -1.46608   -2.30383    -7.4945   -13.9346 
  -1.25664   -2.30383   -24.1444   -12.5522 
   -1.0472   -2.30383   -38.6252    -7.7402 
 -0.837758   -2.30383   -46.1453   -0.89428 
 -0.628319   -2.30383   -36.0557    11.3513 
 -0.418879   -2.30383   -5.67569    28.0547 
  -0.20944   -2.30383    21.1519    30.8955 
         0   -2.30383    39.0629    24.7077 
   0.20944   -2.30383     45.398     17.552 
  0.418879   -2.30383    41.8319    7.99805 
  0.628319   -2.30383    26.5226    -1.3694 
  0.837758   -2.30383     4.1976   -8.41401 
    1.0472   -2.30383   -21.0911   -8.93621 
   1.25664   -2.30383   -42.2566   -8.67657 
   1.46608   -2.30383   -54.6973   -8.61175 
   1.67552   -2.30383   -59.0377   -2.02613 
   1.88496   -2.30383   -51.3291   -5.27545 
    2.0944   -2.30383    -30.647   -6.36567 
   2.30383   -2.30383    3.05193   -9.59178 
   2.51327   -2.30383    32.5998   -9.53065 
   2.72271   -2.30383    52.3103   -9.43284 
   2.93215   -2.30383    60.5496   -10.3616 
   3.14159   -2.30383    52.4891   -9.00446 
  -3.14159    -2.0944    52.1702   -3.82963 
  -2.93215    -2.0944    37.8678   -2.95466 
  -2.72271    -2.0944    21.0242   -6.45115 
  -2.51327    -2.0944    6.59363   -8.91245 
  -2.30383    -2.0944  0.0509266   -7.92723 
   -2.0944    -2.0944    1.28528   -6.40518 
  -1.88496    -2.0944    1.41445   -8.31451 
  -1.67552    -2.0944   0.471802   -5.68197 
  -1.46608    -2.0944   -5.54012   -6.17743 
  -1.25664    -2.0944   -19.4948   -2.51969 
   -1.0472    -2.0944    -32.938    3.97881 
 -0.837758    -2.0944   -35.8489    11.9527 
 -0.628319    -2.0944    -24.559    25.9261 
 -0.418879    -2.0944   -1.81622    32.0587 
  -0.20944    -2.0944     19.362     31.683 
         0    -2.0944    33.2271    23.8016 
   0.20944    -2.0944    37.6972    13.4045 
  0.418879    -2.0944    33.1879    6.64212 
  0.628319    -2.0944    22.3281  0.0472168 
  0.837758    -2.0944    3.51464   -6.09063 
    1.0472    -2.0944   -18.0107   -6.58926 
   1.25664    -2.0944   -38.5465   -3.73262 
   1.46608    -2.0944   -52.1924   -1.83214 
   1.67552    -2.0944   -56.2166 -0.0997913 
   1.88496    -2.0944   -48.8081  -0.700098 
    2.0944    -2.0944   -28.2236   -4.45882 
   2.30383    -2.0944    5.13637   -7.17758 
   2.51327    -2.0944       32.1   -1.38004 
   2.72271    -2.0944    49.7513   -2.83626 
   2.93215    -2.0944    56.2944  -0.800113 
   3.14159    -2.0944    52.1702   -3.82963 
  -3.14159   -1.88496    48.8013    3.29449 
  -2.93215   -1.88496    36.7204     3.3518 
  -2.72271   -1.88496    21.1354    3.99149 
  -2.51327   -1.88496    8.77569   -1.34862 
  -2.30383   -1.88496   0.394683  -0.126684 
   -2.0944   -1.88496  -0.162677    -1.5705 
  -1.88496   -1.88496  -0.370142  -0.963974 
  -1.67552   -1.88496  -0.133255  -0.542712 
  -1.46608   -1.88496   -4.97979  -0.115136 
  -1.25664   -1.88496   -16.6549     4.0864 
   -1.0472   -1.88496   -25.7022    14.4308 
 -0.837758   -1.88496   -26.8752    24.0231 
 -0.628319   -1.88496   -19.5868    30.3738 
 -0.418879   -1.88496   -4.17133    33.5317 
  -0.20944   -1.88496    11.4334    31.1267 
         0   -1.88496    20.6692    20.5019 
   0.20944   -1.88496    25.8304    10.6931 
  0.418879   -1.88496    26.6054     3.4149 
  0.628319   -1.88496    19.2471   -3.91396 
  0.837758   -1.88496    4.90081   -5.52711 
    1.0472   -1.88496   -16.3085   -6.48234 
   1.25664   -1.88496   -37.2849   -1.24827 
   1.46608   -1.88496   -49.7969    3.36646 
   1.67552   -1.88496   -53.3229    1.75858 
   1.88496   -1.88496   -43.9608   -1.08843 
    2.0944   -1.88496   -22.1804   -1.57921 
   2.30383   -1.88496    5.04325   0.269077 
   2.51327   -1.88496    29.7402     6.9744 
   2.72271   -1.88496    49.1143     3.9344 
   2.93215   -1.88496    54.3602    5.15229 
   3.14159   -1.88496    48.8013    3.29449 
  -3.14159   -1.67552     46.092    9.70676 
  -2.93215   -1.67552    32.2221    9.49695 
  -2.72271   -1.67552    18.9976     11.001 
  -2.51327   -1.67552    7.34919    7.40281 
  -2.30383   -1.67552   0.179065    6.78602 
   -2.0944   -1.67552  -0.106434     6.2287 
  -1.88496   -1.67552    1.53769    6.15562 
  -1.67552   -1.67552   0.646765    6.75966 
  -1.46608   -1.67552   -4.07327    6.26532 
  -1.25664   -1.67552   -11.5947    12.0999 
   -1.0472   -1.67552   -18.9127    19.7347 
 -0.837758   -1.67552   -22.5722    26.1815 
 -0.628319   -1.67552   -17.0674    29.3857 
 -0.418879   -1.67552   -6.19087    33.9237 
  -0.20944   -1.67552    4.91455    29.2505 
         0   -1.67552    14.2348    17.4158 
   0.20944   -1.67552    18.9325    6.84295 
  0.418879   -1.67552    19.6726   -2.50429 
  0.628319   -1.67552    15.3917   -8.71706 
  0.837758   -1.67552    4.20768   -9.42868 
    1.0472   -1.67552   -14.3846   -4.17298 
   1.25664   -1.67552   -36.2315     4.1698 
   1.46608   -1.67552    -52.337     5.8845 
   1.67552   -1.67552   -56.3471    3.12756 
   1.88496   -1.67552    -45.664   0.464197 
    2.0944   -1.67552   -26.9724    5.10704 
   2.30383   -1.67552    2.53089      7.743 
   2.51327   -1.67552    27.1437    15.8866 
   2.72271   -1.67552    44.3012    16.3616 
   2.93215   -1.67552    51.1684    11.8548 
   3.14159   -1.67552     46.092    9.70676 
  -3.14159   -1.46608    44.8755    15.0609 
  -2.93215   -1.46608     30.193    16.4525 
  -2.72271   -1.46608    14.8432    18.9366 
  -2.51327   -1.46608    5.36449    12.5644 
  -2.30383   -1.46608  -0.558385    10.2602 
   -2.0944   -1.46608    2.00918    10.6442 
  -1.88496   -1.46608    4.59023    12.3478 
  -1.67552   -1.46608    6.63114    13.5553 
  -1.46608   -1.46608    2.73722    14.2544 
  -1.25664   -1.46608   -2.32746    24.6497 
   -1.0472   -1.46608   -11.5435    26.4997 
 -0.837758   -1.46608   -14.4792    30.7341 
 -0.628319   -1.46608   -12.9538    34.3829 
 -0.418879   -1.46608   -7.60288    32.1909 
  -0.20944   -1.46608   -2.92533    23.3602 
         0   -1.46608    5.22572    11.1445 
   0.20944   -1.46608    8.99556  -0.601113 
  0.418879   -1.46608    11.4458   -10.3725 
  0.628319   -1.46608    13.4988   -11.4846 
  0.837758   -1.46608    8.21399   -7.53966 
    1.0472   -1.46608    -10.682  -0.475985 
   1.25664   -1.46608   -35.0869    4.61254 
   1.46608   -1.46608    -51.945    7.25696 
   1.67552   -1.46608   -56.7341    3.10327 
   1.88496   -1.46608   -46.0852    4.43438 
    2.0944   -1.46608   -28.6748    7.83394 
   2.30383   -1.46608    6.25145    11.9916 
   2.51327   -1.46608    30.3438    22.5517 
   2.72271   -1.46608    45.3754    22.3147 
   2.93215   -1.46608    51.1167    17.3683 
   3.14159   -1.46608    44.8755    15.0609 
  -3.14159   -1.25664    45.0758    18.5525 
  -2.93215   -1.25664    29.8446    20.2605 
  -2.72271   -1.25664    16.0271    17.8965 
  -2.51327   -1.25664    4.23464    13.2584 
  -2.30383   -1.25664   -2.99622    14.4838 
   -2.0944   -1.25664   0.576553    12.4998 
  -1.88496   -1.25664    5.77713    14.9073 
  -1.67552   -1.25664    7.22917     16.915 
  -1.46608   -1.25664    4.31012     17.653 
  -1.25664   -1.25664    3.24662    27.3448 
   -1.0472   -1.25664   -5.22901    30.7289 
 -0.837758   -1.25664   -10.8124    32.4512 
 -0.628319   -1.25664   -11.4322    33.5188 
 -0.418879   -1.25664   -11.3898    26.5772 
  -0.20944   -1.25664   -9.79236    14.2792 
         0   -1.25664   -8.97202   -2.01496 
   0.20944   -1.25664   -3.55592   -9.77909 
  0.418879   -1.25664     9.1682    -12.921 
  0.628319   -1.25664     19.626   -8.41396 
  0.837758   -1.25664    15.4047   -1.44813 
    1.0472   -1.25664   -3.85955    3.43883 
   1.25664   -1.25664   -30.7543     6.3833 
   1.46608   -1.25664    -52.642    5.16443 
   1.67552   -1.25664   -54.0687     5.4353 
   1.88496   -1.25664   -42.2393    2.55667 
    2.0944   -1.25664   -24.0135    8.87961 
   2.30383   -1.25664    9.42792    17.3335 
   2.51327   -1.25664    34.4034    23.7476 
   2.72271   -1.25664     47.679    25.7249 
   2.93215   -1.25664    50.8185    20.3187 
   3.14159   -1.25664    45.0758    18.5525 
  -3.14159    -1.0472    40.9685    18.6084 
  -2.93215    -1.0472     25.641    19.0251 
  -2.72271    -1.0472    13.2634    14.5813 
  -2.51327    -1.0472    1.86157    11.4915 
  -2.30383    -1.0472   -3.76175    12.8002 
   -2.0944    -1.0472   -1.02015    11.4838 
  -1.88496    -1.0472     2.3426    13.4848 
  -1.67552    -1.0472    7.51924    18.3599 
  -1.46608    -1.0472    8.04805    18.5101 
  -1.25664    -1.0472    5.37996    22.3212 
   -1.0472    -1.0472   -2.36313    26.4442 
 -0.837758    -1.0472   -9.27442     25.488 
 -0.628319    -1.0472   -17.4293     20.478 
 -0.418879    -1.0472   -24.0781    9.08102 
  -0.20944    -1.0472   -24.3026   -2.01519 
         0    -1.0472   -20.4113   -13.6912 
   0.20944    -1.0472   -5.66119   -15.8459 
  0.418879    -1.0472    18.7153   -7.77136 
  0.628319    -1.0472    31.2052   0.400448 
  0.837758    -1.0472    24.6299    3.22896 
    1.0472    -1.0472    3.19684    6.38803 
   1.25664    -1.0472    -25.612    7.25605 
   1.46608    -1.0472   -49.2482     2.7437 
   1.67552    -1.0472   -52.3961    3.86147 
   1.88496    -1.0472    -37.646    4.39088 
    2.0944    -1.0472   -20.3234    8.71059 
   2.30383    -1.0472    9.63506    16.6911 
   2.51327    -1.0472     37.139    22.5396 
   2.72271    -1.0472    50.4491    24.2944 
   2.93215    -1.0472     52.435    19.5335 
   3.14159    -1.0472    40.9685    18.6084 
  -3.14159  -0.837758    42.1089    12.2952 
  -2.93215  -0.837758    26.7677    12.0446 
  -2.72271  -0.837758      11.67    9.01183 
  -2.51327  -0.837758    1.38937    10.3159 
  -2.30383  -0.837758   -4.16209    8.78204 
   -2.0944  -0.837758    1.69536    11.5513 
  -1.88496  -0.837758     3.3642    10.0928 
  -1.67552  -0.837758    8.39591    11.5516 
  -1.46608  -0.837758    8.50428     11.924 
  -1.25664  -0.837758    8.09146     16.649 
   -1.0472  -0.837758   -3.25544    15.0178 
 -0.837758  -0.837758   -16.0272     11.079 
 -0.628319  -0.837758   -23.5832    7.97485 
 -0.418879  -0.837758   -34.1176   -4.52617 
  -0.20944  -0.837758   -34.0205   -14.8353 
         0  -0.837758   -21.3477   -16.1135 
   0.20944  -0.837758     4.7325   -10.0552 
  0.418879  -0.837758    29.9632   -2.23722 
  0.628319  -0.837758    39.5706    2.45463 
  0.837758  -0.837758    29.7879     4.9129 
    1.0472  -0.837758    6.66761    7.54081 
   1.25664  -0.837758   -23.3294    8.43546 
   1.46608  -0.837758   -46.7655    6.31187 
   1.67552  -0.837758   -50.6081    5.32863 
   1.88496  -0.837758   -41.5174    5.48139 
    2.0944  -0.837758   -17.5484    4.80403 
   2.30383  -0.837758    10.3631    8.54764 
   2.51327  -0.837758    41.4075    12.1986 
   2.72271  -0.837758    51.9501    18.2513 
   2.93215  -0.837758    49.2417    16.7872 
   3.14159  -0.837758    42.1089    12.2952 
  -3.14159  -0.628319    42.8314     5.2373 
  -2.93215  -0.628319    28.8088     2.5538 
  -2.72271  -0.628319    12.7095    2.68086 
  -2.51327  -0.628319    3.26696    4.46293 
  -2.30383  -0.628319    0.04593    3.91311 
   -2.0944  -0.628319   0.579411    5.83292 
  -1.88496  -0.628319    6.99774    6.29464 
  -1.67552  -0.628319    12.9613     5.0356 
  -1.46608  -0.628319     11.468    4.15644 
  -1.25664  -0.628319    5.33446    6.19473 
   -1.0472  -0.628319   -7.50543    5.30974 
 -0.837758  -0.628319   -23.4091   -1.47812 
 -0.628319  -0.628319   -37.2073   -11.1612 
 -0.418879  -0.628319   -43.8938   -18.4284 
  -0.20944  -0.628319   -35.3142   -18.6754 
         0  -0.628319   -13.8291    -13.732 
   0.20944  -0.628319    17.3263   -5.16122 
  0.418879  -0.628319    40.3128   0.586041 
  0.628319  -0.628319    45.6562     4.1143 
  0.837758  -0.628319    32.7009    7.51185 
    1.0472  -0.628319    7.62305    10.1529 
   1.25664  -0.628319   -23.6996    10.1951 
   1.46608  -0.628319   -47.0108     9.3705 
   1.67552  -0.628319    -51.255    6.17091 
   1.88496  -0.628319   -39.8589    4.78038 
    2.0944  -0.628319   -17.5089    4.42964 
   2.30383  -0.628319    12.3911    4.50773 
   2.51327  -0.628319     40.572    7.09009 
   2.72271  -0.628319    50.7848    11.7882 
   2.93215  -0.628319    52.8981    7.70041 
   3.14159  -0.628319    42.8314     5.2373 
  -3.14159  -0.418879     46.598  -0.792597 
  -2.93215  -0.418879    31.6252  -0.783328 
  -2.72271  -0.418879     16.164    1.44144 
  -2.51327  -0.418879    7.33137    3.53213 
  -2.30383  -0.418879     2.1726    3.87257 
   -2.0944  -0.418879    3.47687    3.68548 
  -1.88496  -0.418879    5.71443   0.245192 
  -1.67552  -0.418879    8.50916   0.450095 
  -1.46608  -0.418879    8.85254     1.5663 
  -1.25664  -0.418879   0.112398   -2.67973 
   -1.0472  -0.418879   -14.0881   -5.64195 
 -0.837758  -0.418879   -33.3789   -14.4513 
 -0.628319  -0.418879   -44.7947   -19.6958 
 -0.418879  -0.418879   -45.7069    -19.643 
  -0.20944  -0.418879   -31.3504   -15.4966 
         0  -0.418879   -4.62947   -9.92574 
   0.20944  -0.418879    28.6167   -2.86577 
  0.418879  -0.418879    47.8615     1.8181 
  0.628319  -0.418879    48.9622    6.52465 
  0.837758  -0.418879    33.0367    10.0472 
    1.0472  -0.418879    6.29033    12.1514 
   1.25664  -0.418879   -24.4769    12.7938 
   1.46608  -0.418879    -44.195    12.9602 
   1.67552  -0.418879    -49.201    9.45647 
   1.88496  -0.418879    -43.451    5.92814 
    2.0944  -0.418879   -20.3278    5.70945 
   2.30383  -0.418879    7.90414    1.08119 
   2.51327  -0.418879    37.2387  -0.150604 
   2.72271  -0.418879    52.3178  -0.893027 
   2.93215  -0.418879     55.126   -2.12803 
   3.14159  -0.418879     46.598  -0.792597 
  -3.14159   -0.20944    48.0463   -5.91893 
  -2.93215   -0.20944    35.2275   -3.75114 
  -2.72271   -0.20944    19.6096  -0.827073 
  -2.51327   -0.20944    9.38506    3.77085 
  -2.30383   -0.20944    3.02653    3.65634 
   -2.0944   -0.20944    2.52319    2.64161 
  -1.88496   -0.20944    4.97952   -1.39175 
  -1.67552   -0.20944    6.44805  -0.928534 
  -1.46608   -0.20944    4.49446   -3.30841 
  -1.25664   -0.20944   -5.08159   -9.55853 
   -1.0472   -0.20944   -23.7861   -14.1964 
 -0.837758   -0.20944   -40.8973    -18.946 
 -0.628319   -0.20944   -48.6559   -19.5391 
 -0.418879   -0.20944   -45.7145   -17.9708 
  -0.20944   -0.20944   -29.2526   -13.5065 
         0   -0.20944    2.77582    -8.8064 
   0.20944   -0.20944    37.3724   -1.61673 
  0.418879   -0.20944    51.8466    3.52614 
  0.628319   -0.20944    48.2302    9.00754 
  0.837758   -0.20944    31.8927    12.3704 
    1.0472   -0.20944    4.21876    14.1053 
   1.25664   -0.20944   -25.6084    14.2068 
   1.46608   -0.20944   -44.8665    13.2521 
   1.67552   -0.20944   -52.4728    7.35941 
   1.88496   -0.20944   -46.7654    4.81079 
    2.0944   -0.20944   -28.4364    2.99267 
   2.30383   -0.20944    2.55648   -2.62256 
   2.51327   -0.20944    33.5074   -6.99029 
   2.72271   -0.20944    51.9109   -7.00465 
   2.93215   -0.20944    56.1687   -6.74159 
   3.14159   -0.20944    48.0463   -5.91893 
  -3.14159          0    53.5338   -5.98889 
  -2.93215          0     38.509   -3.42662 
  -2.72271          0     21.455    1.17098 
  -2.51327          0    8.06629    2.63209 
  -2.30383          0    2.26026    3.95604 
   -2.0944          0   0.849482  -0.138212 
  -1.88496          0    2.62162   -3.82026 
  -1.67552          0    4.37771   -5.29452 
  -1.46608          0    1.23445   -8.91225 
  -1.25664          0   -10.4271   -13.4929 
   -1.0472          0   -30.6226   -17.3626 
 -0.837758          0   -45.2145   -19.1629 
 -0.628319          0   -51.8218   -18.0199 
 -0.418879          0   -47.9224   -16.5753 
  -0.20944          0   -28.0235   -12.8291 
         0          0     11.766   -5.33501 
   0.20944          0    42.9484    1.23753 
  0.418879          0    51.7106    4.64841 
  0.628319          0    46.7031    11.3422 
  0.837758          0    29.6551    14.9522 
    1.0472          0    1.17474    15.8845 
   1.25664          0   -28.9547    13.9762 
   1.46608          0   -50.7891    9.44279 
   1.67552          0   -59.0148    2.55574 
   1.88496          0    -53.083    2.60589 
    2.0944          0   -37.6374   0.769032 
   2.30383          0   -5.15911   -4.99199 
   2.51327          0    28.6254   -9.41076 
   2.72271          0      50.38   -7.62466 
   2.93215          0    59.7637   -4.38257 
   3.14159          0    53.5338   -5.98889 
  -3.14159    0.20944    57.0224   -5.40274 
  -2.93215    0.20944    39.3575   -1.28144 
  -2.72271    0.20944    20.8039    1.54339 
  -2.51327    0.20944    7.10652    2.25913 
  -2.30383    0.20944  0.0249342     1.9961 
   -2.0944    0.20944  -0.752824    -4.1529 
  -1.88496    0.20944   0.578468   -6.14377 
  -1.67552    0.20944    1.57204   -9.49049 
  -1.46608    0.20944   -1.55483    -12.365 
  -1.25664    0.20944   -15.9091   -13.9434 
   -1.0472    0.20944   -34.2005   -13.5466 
 -0.837758    0.20944   -48.9943   -15.6142 
 -0.628319    0.20944   -54.8309   -14.9859 
 -0.418879    0.20944   -48.3641   -12.8612 
  -0.20944    0.20944   -21.2823   -7.56539 
         0    0.20944    20.8107   0.460418 
   0.20944    0.20944    43.1454    2.89035 
  0.418879    0.20944    50.3453    8.50202 
  0.628319    0.20944    44.5788    13.2124 
  0.837758    0.20944    25.6094    14.5896 
    1.0472    0.20944   -4.29992    13.0939 
   1.25664    0.20944   -34.4668    8.13595 
   1.46608    0.20944   -55.5415    4.30364 
   1.67552    0.20944   -62.3109  -0.093001 
   1.88496    0.20944   -57.0899   -2.58579 
    2.0944    0.20944   -41.6212   -4.91603 
   2.30383    0.20944   -11.2018   -7.89993 
   2.51327    0.20944    24.1214   -7.64469 
   2.72271    0.20944    50.4408   -4.97132 
   2.93215    0.20944    62.6924   -1.50772 
   3.14159    0.20944    57.0224   -5.40274 
  -3.14159   0.418879    57.4556   -1.08098 
  -2.93215   0.418879     37.988    2.94547 
  -2.72271   0.418879    19.7643     3.1271 
  -2.51327   0.418879    7.06152    4.28049 
  -2.30383   0.418879  -0.722951  -0.279303 
   -2.0944   0.418879   -2.30781   -3.41332 
  -1.88496   0.418879   -2.92943    -4.5915 
  -1.67552   0.418879   -0.14699    -9.9498 
  -1.46608   0.418879   -4.31143   -11.8157 
  -1.25664   0.418879   -18.0572   -9.13241 
   -1.0472   0.418879   -37.1062   -9.52848 
 -0.837758   0.418879   -52.1235   -11.1875 
 -0.628319   0.418879   -56.6529   -11.7401 
 -0.418879   0.418879    -43.957   -8.35585 
  -0.20944   0.418879   -10.9343   -1.12518 
         0   0.418879    24.7096    5.93909 
   0.20944   0.418879    43.1964    8.55339 
  0.418879   0.418879    49.4758    13.5292 
  0.628319   0.418879    40.7688    16.2279 
  0.837758   0.418879    18.6631    12.4292 
    1.0472   0.418879   -13.4176    6.52397 
   1.25664   0.418879   -41.0932   0.774689 
   1.46608   0.418879   -56.4917   -1.33064 
   1.67552   0.418879   -62.6278   -3.87066 
   1.88496   0.418879    -55.705   -7.48054 
    2.0944   0.418879    -39.903   -6.35961 
   2.30383   0.418879   -11.5382   -7.14591 
   2.51327   0.418879    20.8911   -4.58668 
   2.72271   0.418879    48.8236   0.158199 
   2.93215   0.418879    63.3921    3.20445 
   3.14159   0.418879    57.4556   -1.08098 
  -3.14159   0.628319    55.9815    2.21957 
  -2.93215   0.628319    38.4777    5.39573 
  -2.72271   0.628319    20.6454    8.62244 
  -2.51327   0.628319    5.26532    8.54485 
  -2.30383   0.628319    -3.1584    2.10021 
   -2.0944   0.628319    -6.0474 -0.0886476 
  -1.88496   0.628319    -6.7183   -4.34447 
  -1.67552   0.628319   -2.29696   -8.52483 
  -1.46608   0.628319   -4.33879   -7.08458 
  -1.25664   0.628319    -18.309   -3.34195 
   -1.0472   0.628319   -38.5627   -3.94263 
 -0.837758   0.628319   -52.6592   -6.71124 
 -0.628319   0.628319   -53.6624    -6.7144 
 -0.418879   0.628319   -35.3985   -1.41263 
  -0.20944   0.628319   -1.22438    7.95905 
         0   0.628319    28.4966    13.3756 
   0.20944   0.628319    46.2388    17.4933 
  0.418879   0.628319    48.8201    17.7923 
  0.628319   0.628319    34.5046    12.9866 
  0.837758   0.628319     8.0358    4.57412 
    1.0472   0.628319   -20.4589    -1.7094 
   1.25664   0.628319    -44.138   -3.26379 
   1.46608   0.628319   -56.8135   -2.85979 
   1.67552   0.628319   -61.4966   -7.19096 
   1.88496   0.628319    -52.981   -10.5567 
    2.0944   0.628319   -37.4094   -7.73485 
   2.30383   0.628319   -11.5406   -4.94941 
   2.51327   0.628319    17.0287    1.91381 
   2.72271   0.628319     44.203    8.05084 
   2.93215   0.628319    60.6792    6.03659 
   3.14159   0.628319    55.9815    2.21957 
  -3.14159   0.837758    56.1782     6.3936 
  -2.93215   0.837758    38.6219    7.89651 
  -2.72271   0.837758    19.7882    12.7631 
  -2.51327   0.837758    7.80984    9.84226 
  -2.30383   0.837758   -2.12804    5.08969 
   -2.0944   0.837758   -11.3114    7.91632 
  -1.88496   0.837758   -12.3465   -2.79784 
  -1.67552   0.837758  -0.857414   -4.47291 
  -1.46608   0.837758   -3.65824   -2.94328 
  -1.25664   0.837758   -19.8145   0.040956 
   -1.0472   0.837758   -37.9129  -0.669468 
 -0.837758   0.837758   -49.4404   -3.57351 
 -0.628319   0.837758   -45.6492   -1.01927 
 -0.418879   0.837758   -23.6319    6.89341 
  -0.20944   0.837758    10.3759    17.5268 
         0   0.837758    37.0623    24.8418 
   0.20944   0.837758     46.452    21.1361 
  0.418879   0.837758    41.8113    15.9508 
  0.628319   0.837758    24.2305    4.20306 
  0.837758   0.837758   0.793637   -2.19923 
    1.0472   0.837758   -25.7589   -4.20923 
   1.25664   0.837758   -45.1007   -1.13312 
   1.46608   0.837758   -56.2509  -0.617047 
   1.67552   0.837758   -62.5744   -8.82098 
   1.88496   0.837758   -49.7755   -8.89433 
    2.0944   0.837758   -30.7831   -2.41827 
   2.30383   0.837758   -5.31008    3.74634 
   2.51327   0.837758    27.2464     4.2012 
   2.72271   0.837758    57.5693    14.0933 
   2.93215   0.837758    65.5763    8.16523 
   3.14159   0.837758    56.1782     6.3936 
  -3.14159     1.0472    52.5031    4.43454 
  -2.93215     1.0472    37.4046    8.75376 
  -2.72271     1.0472      19.45    12.6667 
  -2.51327     1.0472    10.0785    8.76406 
  -2.30383     1.0472   0.261569    3.57563 
   -2.0944     1.0472    -8.5267    7.59022 
  -1.88496     1.0472   -16.8731    2.83835 
  -1.67552     1.0472   -9.75939   0.199473 
  -1.46608     1.0472   -3.18883    1.66315 
  -1.25664     1.0472   -17.1706    4.00371 
   -1.0472     1.0472   -33.5992    3.31011 
 -0.837758     1.0472   -42.8209   0.589593 
 -0.628319     1.0472   -34.3217    6.76952 
 -0.418879     1.0472   -9.98907    18.7496 
  -0.20944     1.0472    21.6184    27.8006 
         0     1.0472     39.213    28.3865 
   0.20944     1.0472    38.5904    16.7701 
  0.418879     1.0472    31.2602    6.29304 
  0.628319     1.0472    12.8663   -6.30128 
  0.837758     1.0472    -2.0755   -5.95376 
    1.0472     1.0472    -25.158    -5.0414 
   1.25664     1.0472   -48.1291   -6.39672 
   1.46608     1.0472    -56.678   -6.87625 
   1.67552     1.0472     -60.87   -7.75513 
   1.88496     1.0472   -56.2975   -8.69851 
    2.0944     1.0472   -34.2814    1.63485 
   2.30383     1.0472    2.50767    10.6291 
   2.51327     1.0472    35.3268    15.1476 
   2.72271     1.0472    58.4215    9.53013 
   2.93215     1.0472    65.3334    9.59981 
   3.14159     1.0472    52.5031    4.43454 
  -3.14159    1.25664    50.5344      -1.17 
  -2.93215    1.25664    34.9691   0.111931 
  -2.72271    1.25664    16.9378    4.90882 
  -2.51327    1.25664    7.34874    1.02902 
  -2.30383    1.25664   0.155613   -2.02277 
   -2.0944    1.25664     -7.394    6.91357 
  -1.88496    1.25664   -16.4431     3.3016 
  -1.67552    1.25664    -11.107    8.01002 
  -1.46608    1.25664   -2.67645    7.88248 
  -1.25664    1.25664   -11.5661    8.42751 
   -1.0472    1.25664    -26.258    7.58096 
 -0.837758    1.25664   -30.9162    9.22253 
 -0.628319    1.25664   -18.5692    17.9302 
 -0.418879    1.25664    3.92242    27.0284 
  -0.20944    1.25664    20.4401    26.3812 
         0    1.25664    27.7084    17.8599 
   0.20944    1.25664    23.7473    3.58007 
  0.418879    1.25664    19.7418   -5.71159 
  0.628319    1.25664    10.4336   -12.2342 
  0.837758    1.25664   -7.56945   -13.9696 
    1.0472    1.25664   -26.7878   -9.51653 
   1.25664    1.25664   -43.6846   -5.81858 
   1.46608    1.25664   -60.5514   -10.9535 
   1.67552    1.25664    -58.709   -4.12805 
   1.88496    1.25664   -52.5527    1.11006 
    2.0944    1.25664   -31.4369    4.40577 
   2.30383    1.25664    9.70639    3.42208 
   2.51327    1.25664    38.8214    7.79742 
   2.72271    1.25664    58.9174    11.5711 
   2.93215    1.25664    60.4252    6.66291 
   3.14159    1.25664    50.5344      -1.17 
  -3.14159    1.46608    51.9665   -1.67035 
  -2.93215    1.46608    31.0495   0.852464 
  -2.72271    1.46608    15.8718    3.48171 
  -2.51327    1.46608     6.6206      1.448 
  -2.30383    1.46608   -1.56739    0.32463 
   -2.0944    1.46608   -6.25397    1.77691 
  -1.88496    1.46608   -14.1465    3.38739 
  -1.67552    1.46608    -8.5747    10.7102 
  -1.46608    1.46608    1.24111    13.2918 
  -1.25664    1.46608   -5.14218    13.4807 
   -1.0472    1.46608   -16.0194    14.2064 
 -0.837758    1.46608   -17.0238    19.9805 
 -0.628319    1.46608   -7.69979    28.3964 
 -0.418879    1.46608    4.08054     29.223 
  -0.20944    1.46608    8.59272     17.087 
         0    1.46608    11.3427    5.12654 
   0.20944    1.46608    13.0783   -5.26518 
  0.418879    1.46608    12.5512   -13.5903 
  0.628319    1.46608    7.06768   -18.0969 
  0.837758    1.46608   -4.56867   -18.9895 
    1.0472    1.46608   -17.9948   -9.15488 
   1.25664    1.46608   -36.8197   -6.00156 
   1.46608    1.46608   -50.3619   -8.21849 
   1.67552    1.46608   -53.2025   -4.41936 
   1.88496    1.46608    -38.719    6.54581 
    2.0944    1.46608   -17.7066    4.94755 
   2.30383    1.46608    11.7277    8.73083 
   2.51327    1.46608    39.5634     7.8677 
   2.72271    1.46608    56.0897    6.47028 
   2.93215    1.46608    57.3955     2.3494 
   3.14159    1.46608    51.9665   -1.67035 
  -3.14159    1.67552    46.3757   -0.24316 
  -2.93215    1.67552    28.5312    3.65073 
  -2.72271    1.67552    12.4772     4.9457 
  -2.51327    1.67552    4.46656    4.59437 
  -2.30383    1.67552  -0.957926     3.1042 
   -2.0944    1.67552   0.900294    1.22569 
  -1.88496    1.67552   -3.96641    7.86644 
  -1.67552    1.67552   -2.17777    8.87299 
  -1.46608    1.67552    3.33414    17.5655 
  -1.25664    1.67552   -1.12766    16.8452 
   -1.0472    1.67552   -6.48973    21.5829 
 -0.837758    1.67552   -10.9145    25.0751 
 -0.628319    1.67552   -9.92042    25.6873 
 -0.418879    1.67552   -8.50293    16.4383 
  -0.20944    1.67552   -6.67891    7.54139 
         0    1.67552   0.478476   0.272565 
   0.20944    1.67552    5.76571   -7.88484 
  0.418879    1.67552    6.78701   -17.6444 
  0.628319    1.67552    6.15963   -22.8668 
  0.837758    1.67552   -2.54735   -20.1798 
    1.0472    1.67552   -16.3669   -9.03593 
   1.25664    1.67552   -35.2269   -1.24438 
   1.46608    1.67552    -53.862   -7.14462 
   1.67552    1.67552   -53.5579    3.47511 
   1.88496    1.67552   -43.8578    7.64633 
    2.0944    1.67552   -23.7922     5.0097 
   2.30383    1.67552    12.0603    8.70148 
   2.51327    1.67552    40.2707    5.69491 
   2.72271    1.67552    49.8446    7.39489 
   2.93215    1.67552    55.5221   -1.46184 
   3.14159    1.67552    46.3757   -0.24316 
  -3.14159    1.88496    44.4483    6.54125 
  -2.93215    1.88496    25.5809    11.8164 
  -2.72271    1.88496    11.0241    6.45891 
  -2.51327    1.88496    2.62741    9.69693 
  -2.30383    1.88496   -5.30903    4.28195 
   -2.0944    1.88496     5.4685    7.74357 
  -1.88496    1.88496    1.31922    7.39697 
  -1.67552    1.88496    2.10535    7.98644 
  -1.46608    1.88496    1.79969    16.2806 
  -1.25664    1.88496   -2.64072    14.4434 
   -1.0472    1.88496   -7.56563    18.4559 
 -0.837758    1.88496   -12.6905    19.0207 
 -0.628319    1.88496   -14.4091    18.0539 
 -0.418879    1.88496   -18.3705    11.3488 
  -0.20944    1.88496   -15.4139    7.43189 
         0    1.88496   -11.8073   -3.42509 
   0.20944    1.88496   -1.85356   -11.6608 
  0.418879    1.88496    3.43677   -17.5311 
  0.628319    1.88496     7.8992   -21.4532 
  0.837758    1.88496    2.51998   -16.6169 
    1.0472    1.88496   -11.0968   -3.44691 
   1.25664    1.88496   -32.2486    2.60794 
   1.46608    1.88496   -50.0458     3.4619 
   1.67552    1.88496   -53.1778    7.89614 
   1.88496    1.88496   -44.1855    9.05721 
    2.0944    1.88496    -17.459    11.4245 
   2.30383    1.88496     11.922    15.6208 
   2.51327    1.88496     40.327     10.373 
   2.72271    1.88496    52.3438     6.2138 
   2.93215    1.88496     50.588    8.40874 
   3.14159    1.88496    44.4483    6.54125 
  -3.14159     2.0944    43.7055    10.0284 
  -2.93215     2.0944    29.4089    16.5747 
  -2.72271     2.0944    13.5819    12.4646 
  -2.51327     2.0944    1.95394    13.7376 
  -2.30383     2.0944   -1.08856    14.8331 
   -2.0944     2.0944  -0.961945    11.6695 
  -1.88496     2.0944    4.53821    8.87977 
  -1.67552     2.0944    7.74629    9.30293 
  -1.46608     2.0944    4.23293    10.5139 
  -1.25664     2.0944   -1.03245    10.4033 
   -1.0472     2.0944   -7.58189    12.0127 
 -0.837758     2.0944   -17.8938    13.2671 
 -0.628319     2.0944   -22.9025    10.5597 
 -0.418879     2.0944   -29.6405    5.04616 
  -0.20944     2.0944   -25.2462   -1.04137 
         0     2.0944   -19.9754   -9.78647 
   0.20944     2.0944   -9.34739   -16.4483 
  0.418879     2.0944     2.9468   -19.8798 
  0.628319     2.0944    13.4736   -17.4392 
  0.837758     2.0944    13.7699   -5.19369 
    1.0472     2.0944   -1.19561    5.16707 
   1.25664     2.0944   -25.7831    8.18173 
   1.46608     2.0944   -45.2553    12.4835 
   1.67552     2.0944   -51.9306    12.6562 
   1.88496     2.0944   -48.3936    14.1296 
    2.0944     2.0944   -30.6396    13.6391 
   2.30383     2.0944    10.2315    18.5157 
   2.51327     2.0944    42.8274    15.7308 
   2.72271     2.0944    52.6506    15.2477 
   2.93215     2.0944    51.8378    12.5655 
   3.14159     2.0944    43.7055    10.0284 
  -3.14159    2.30383    38.5463    15.2389 
  -2.93215    2.30383    26.5512    14.8958 
  -2.72271    2.30383    10.7644    18.2191 
  -2.51327    2.30383    1.73279    15.3352 
  -2.30383    2.30383  -0.539902    12.9505 
   -2.0944    2.30383   -2.15109    14.6561 
  -1.88496    2.30383    3.92364    9.49877 
  -1.67552    2.30383    6.06662    11.7076 
  -1.46608    2.30383    6.47281    9.29033 
  -1.25664    2.30383    2.10405    6.78034 
   -1.0472    2.30383   -10.1688    6.34692 
 -0.837758    2.30383    -18.623    11.0059 
 -0.628319    2.30383   -28.4493    4.14521 
 -0.418879    2.30383   -31.5495    1.05026 
  -0.20944    2.30383   -31.4967   -8.86558 
         0    2.30383   -25.1236   -14.0034 
   0.20944    2.30383   -9.43964   -17.2117 
  0.418879    2.30383    8.65573   -19.2687 
  0.628319    2.30383    22.6185   -9.38247 
  0.837758    2.30383    23.3753      5.055 
    1.0472    2.30383      3.648    12.2016 
   1.25664    2.30383   -23.4869    14.5515 
   1.46608    2.30383    -44.109    14.4452 
   1.67552    2.30383   -54.0014    17.4556 
   1.88496    2.30383   -44.6134    13.5118 
    2.0944    2.30383    -19.395    10.4333 
   2.30383    2.30383    14.0411     13.574 
   2.51327    2.30383    40.0938    12.5251 
   2.72271    2.30383    52.3712    17.4578 
   2.93215    2.30383    50.5826    11.8635 
   3.14159    2.30383    38.5463    15.2389 
  -3.14159    2.51327    42.7924     8.7852 
  -2.93215    2.51327    23.8158    10.6408 
  -2.72271    2.51327    9.89897    14.5805 
  -2.51327    2.51327  -0.799047    10.2429 
  -2.30383    2.51327   -5.26109    7.76344 
   -2.0944    2.51327   -3.91088    9.33916 
  -1.88496    2.51327  -0.137558    7.02742 
  -1.67552    2.51327    6.45294    5.60915 
  -1.46608    2.51327    5.20936    2.97046 
  -1.25664    2.51327    3.54406    1.78421 
   -1.0472    2.51327   -8.73316    2.10984 
 -0.837758    2.51327   -23.6702  -0.539385 
 -0.628319    2.51327   -32.9386    0.31735 
 -0.418879    2.51327   -37.1462   -7.37009 
  -0.20944    2.51327   -38.4366   -16.0262 
         0    2.51327   -31.8653    -23.043 
   0.20944    2.51327   -10.1451   -20.2211 
  0.418879    2.51327    22.2541   -11.9186 
  0.628319    2.51327    37.9911   -1.89497 
  0.837758    2.51327    31.5468    8.41981 
    1.0472    2.51327    4.51135    6.74885 
   1.25664    2.51327   -19.4224    12.1205 
   1.46608    2.51327   -43.9832    5.28712 
   1.67552    2.51327   -52.6494     7.2735 
   1.88496    2.51327   -45.5558    3.25319 
    2.0944    2.51327   -20.9286    1.84793 
   2.30383    2.51327    15.6582    3.30138 
   2.51327    2.51327    42.5763    8.19129 
   2.72271    2.51327    52.2498    15.0703 
   2.93215    2.51327    53.3843    10.0201 
   3.14159    2.51327    42.7924     8.7852 
  -3.14159    2.72271    44.8651   -4.76721 
  -2.93215    2.72271    28.7205   -5.59634 
  -2.72271    2.72271    12.7507   -2.10225 
  -2.51327    2.72271   -1.15884   -3.70003 
  -2.30383    2.72271   -5.17231   -6.52111 
   -2.0944    2.72271   -2.23216    -4.6803 
  -1.88496    2.72271  -0.397363   -3.50112 
  -1.67552    2.72271    5.87602   -7.96547 
  -1.46608    2.72271    5.23441   -8.09004 
  -1.25664    2.72271   -1.46188    -10.615 
   -1.0472    2.72271   -12.3557   -11.8287 
 -0.837758    2.72271   -26.3176   -13.3919 
 -0.628319    2.72271   -37.2901   -17.0947 
 -0.418879    2.72271   -45.7541   -23.8419 
  -0.20944    2.72271   -42.4844   -28.7752 
         0    2.72271   -26.1964    -32.192 
   0.20944    2.72271    15.7847   -19.5106 
  0.418879    2.72271    47.9482   -2.13526 
  0.628319    2.72271     51.561      4.581 
  0.837758    2.72271     31.572   0.605968 
    1.0472    2.72271    4.05732   -4.02273 
   1.25664    2.72271   -26.6976   -5.07849 
   1.46608    2.72271   -48.9904   -6.68736 
   1.67552    2.72271    -51.341   -5.81374 
   1.88496    2.72271   -44.3174   -12.1667 
    2.0944    2.72271    -17.081   -18.4408 
   2.30383    2.72271    13.7577   -17.2157 
   2.51327    2.72271    40.5214    -5.8199 
   2.72271    2.72271    55.6966   -2.73274 
   2.93215    2.72271    56.6048   -3.51739 
   3.14159    2.72271    44.8651   -4.76721 
  -3.14159    2.93215    46.6849   -17.0791 
  -2.93215    2.93215    28.3673   -16.3587 
  -2.72271    2.93215    7.99761   -15.9112 
  -2.51327    2.93215    1.39525   -19.7629 
  -2.30383    2.93215   -4.05873    -20.956 
   -2.0944    2.93215   -2.80762   -19.7301 
  -1.88496    2.93215  -0.822498   -19.4801 
  -1.67552    2.93215    3.93381   -20.8922 
  -1.46608    2.93215     4.5149   -23.8039 
  -1.25664    2.93215   -6.48754   -28.3775 
   -1.0472    2.93215   -23.5285   -37.1487 
 -0.837758    2.93215    -40.396    -38.074 
 -0.628319    2.93215   -53.6036   -44.2632 
 -0.418879    2.93215   -57.5678   -50.1677 
  -0.20944    2.93215   -55.2475   -55.4856 
         0    2.93215   -25.5116   -48.0358 
   0.20944    2.93215    30.5824   -23.3983 
  0.418879    2.93215    53.9294   -9.99292 
  0.628319    2.93215    50.2903   -8.04769 
  0.837758    2.93215     28.511   -12.8641 
    1.0472    2.93215   -1.10676   -16.3024 
   1.25664    2.93215   -28.6759   -15.0593 
   1.46608    2.93215   -49.1606   -19.3759 
   1.67552    2.93215   -56.0938    -19.632 
   1.88496    2.93215   -46.0115   -19.7876 
    2.0944    2.93215   -19.9146   -26.9139 
   2.30383    2.93215    14.0526   -24.3322 
   2.51327    2.93215     39.764   -19.3862 
   2.72271    2.93215    55.7688   -20.8634 
   2.93215    2.93215    58.7063   -21.9163 
   3.14159    2.93215    46.6849   -17.0791 
  -3.14159    3.14159    45.6739   -26.2994 
  -2.93215    3.14159    24.2874    -23.725 
  -2.72271    3.14159    10.5258   -29.0486 
  -2.51327    3.14159    1.09817    -32.941 
  -2.30383    3.14159   -6.76354   -27.4393 
   -2.0944    3.14159    -4.9008    -27.188 
  -1.88496    3.14159    1.13806   -30.1946 
  -1.67552    3.14159    6.56215   -32.8986 
  -1.46608    3.14159    1.61236   -33.4319 
  -1.25664    3.14159   -9.61883   -37.4372 
   -1.0472    3.14159   -28.7912   -42.5009 
 -0.837758    3.14159   -47.7187   -49.8259 
 -0.628319    3.14159   -59.7189   -55.8639 
 -0.418879    3.14159   -61.7228   -59.3964 
  -0.20944    3.14159   -51.1936   -59.2966 
         0    3.14159    2.51294   -35.9331 
   0.20944    3.14159    55.3983   -7.91387 
  0.418879    3.14159    63.5804   -2.34975 
  0.628319    3.14159    53.1893   -1.27268 
  0.837758    3.14159    26.9791   -10.0559 
    1.0472    3.14159   -7.41143    -17.449 
   1.25664    3.14159   -36.4536   -21.3514 
   1.46608    3.14159   -50.0587   -19.9099 
   1.67552    3.14159   -54.0178   -18.5807 
   1.88496    3.14159    -44.826   -19.8061 
    2.0944    3.14159   -23.2496   -19.5917 
   2.30383    3.14159    9.76964    -23.468 
   2.51327    3.14159    41.3615   -25.6559 
   2.72271    3.14159    54.9492    -25.364 
   2.93215    3.14159    56.7165   -24.1431 
   3.14159    3.14159    45.6739   -26.2994 


