
Iteration: 2500000
Printing out the current Adaptive Biasing Vector Field.
First (Nr of CVs) columns are the coordinates, the next (Nr of CVs) columns are components of the Adaptive Force vector at that point.
The columns are 961 long, mapping out a surface of 31 by 31 points in 2 dimensions.

  -3.14159   -3.14159    47.4812   -40.3845 
  -2.93215   -3.14159    27.2876   -33.4075 
  -2.72271   -3.14159    11.0069   -36.4832 
  -2.51327   -3.14159     1.1304   -41.5437 
  -2.30383   -3.14159   -6.34554   -32.6651 
   -2.0944   -3.14159   -3.58226   -33.0864 
  -1.88496   -3.14159  -0.419332   -34.1543 
  -1.67552   -3.14159     7.6113   -36.5452 
  -1.46608   -3.14159    1.41663   -39.3967 
  -1.25664   -3.14159   -9.89056   -43.7399 
   -1.0472   -3.14159   -28.8619    -47.801 
 -0.837758   -3.14159   -48.4526   -58.5307 
 -0.628319   -3.14159   -61.6989   -67.4248 
 -0.418879   -3.14159   -63.2646   -73.0453 
  -0.20944   -3.14159   -56.4377   -73.2349 
         0   -3.14159   -11.7312     -60.71 
   0.20944   -3.14159    56.1398   -23.2366 
  0.418879   -3.14159    68.0351   -13.5977 
  0.628319   -3.14159    54.3667   -16.4373 
  0.837758   -3.14159    28.4861   -22.6546 
    1.0472   -3.14159   -6.32455   -25.2494 
   1.25664   -3.14159   -37.5184   -28.6165 
   1.46608   -3.14159   -54.6703   -30.4345 
   1.67552   -3.14159   -61.1314   -34.3279 
   1.88496   -3.14159   -43.6111     -40.83 
    2.0944   -3.14159   -23.8893   -42.4374 
   2.30383   -3.14159    3.99423   -47.2627 
   2.51327   -3.14159    44.7232   -49.2856 
   2.72271   -3.14159    59.0632   -48.1148 
   2.93215   -3.14159    60.2971   -43.0562 
   3.14159   -3.14159    47.4812   -40.3845 
  -3.14159   -2.93215    51.1342     -46.47 
  -2.93215   -2.93215    31.5979   -42.3502 
  -2.72271   -2.93215    15.1618   -44.9306 
  -2.51327   -2.93215   -1.20056   -43.2956 
  -2.30383   -2.93215   -8.49351   -38.0839 
   -2.0944   -2.93215   0.085525   -48.2588 
  -1.88496   -2.93215    4.21806   -39.8615 
  -1.67552   -2.93215    5.29344   -39.3933 
  -1.46608   -2.93215   0.630743   -44.1274 
  -1.25664   -2.93215   -13.0675   -51.4341 
   -1.0472   -2.93215   -30.6061   -56.9348 
 -0.837758   -2.93215   -51.7225   -67.5501 
 -0.628319   -2.93215   -69.5305   -76.3014 
 -0.418879   -2.93215   -64.5955   -81.0003 
  -0.20944   -2.93215   -46.5213   -78.0767 
         0   -2.93215    40.2239   -39.5565 
   0.20944   -2.93215    63.0853   -25.8498 
  0.418879   -2.93215    64.1261   -17.2859 
  0.628319   -2.93215    49.1506   -16.8189 
  0.837758   -2.93215    22.6701   -23.5079 
    1.0472   -2.93215   -9.80013   -28.8452 
   1.25664   -2.93215   -35.0843   -34.5939 
   1.46608   -2.93215   -55.8974   -33.9541 
   1.67552   -2.93215   -61.4488   -29.8105 
   1.88496   -2.93215   -46.0928   -27.2841 
    2.0944   -2.93215   -24.1196   -40.7477 
   2.30383   -2.93215     5.1049   -43.3213 
   2.51327   -2.93215    41.0335   -46.9275 
   2.72271   -2.93215     64.337   -59.1849 
   2.93215   -2.93215    64.7796   -56.0506 
   3.14159   -2.93215    51.1342     -46.47 
  -3.14159   -2.72271    56.9893   -42.4722 
  -2.93215   -2.72271    38.3591   -43.8891 
  -2.72271   -2.72271    21.0031    -49.297 
  -2.51327   -2.72271    7.32454   -45.3913 
  -2.30383   -2.72271   -1.91141   -42.9313 
   -2.0944   -2.72271   -1.49432   -40.9519 
  -1.88496   -2.72271  -0.724639   -44.6235 
  -1.67552   -2.72271    2.79636   -42.2595 
  -1.46608   -2.72271   -5.96791   -39.2485 
  -1.25664   -2.72271   -18.1131   -49.7574 
   -1.0472   -2.72271   -43.6101   -55.5257 
 -0.837758   -2.72271   -61.0977   -61.9119 
 -0.628319   -2.72271   -67.5269   -69.7292 
 -0.418879   -2.72271   -54.6989   -61.2127 
  -0.20944   -2.72271   -32.9469    -59.606 
         0   -2.72271    38.0851   -12.5587 
   0.20944   -2.72271    56.9658   -17.3281 
  0.418879   -2.72271    59.6488   -16.1871 
  0.628319   -2.72271    43.3225   -16.1998 
  0.837758   -2.72271    17.0934   -22.6362 
    1.0472   -2.72271   -14.7496   -29.1453 
   1.25664   -2.72271   -47.2967   -31.6857 
   1.46608   -2.72271   -57.3944   -30.3106 
   1.67552   -2.72271   -59.5413   -25.6438 
   1.88496   -2.72271   -62.9442   -16.2535 
    2.0944   -2.72271   -28.5634   -3.50815 
   2.30383   -2.72271    6.74828   -18.3875 
   2.51327   -2.72271     35.734   -44.9375 
   2.72271   -2.72271    71.5732    -47.025 
   2.93215   -2.72271    68.4712    -51.536 
   3.14159   -2.72271    56.9893   -42.4722 
  -3.14159   -2.51327    56.3991   -28.5629 
  -2.93215   -2.51327    45.8967   -36.8445 
  -2.72271   -2.51327    26.5486   -48.3176 
  -2.51327   -2.51327    5.52836   -35.1737 
  -2.30383   -2.51327     1.5595   -31.4289 
   -2.0944   -2.51327   -7.70262    -31.835 
  -1.88496   -2.51327   -1.32645   -35.6145 
  -1.67552   -2.51327    -3.0006    -39.489 
  -1.46608   -2.51327   -7.28246    -36.245 
  -1.25664   -2.51327   -25.7918   -42.5371 
   -1.0472   -2.51327   -48.9121   -41.8089 
 -0.837758   -2.51327   -63.5513   -42.2959 
 -0.628319   -2.51327   -63.3487   -43.2413 
 -0.418879   -2.51327   -52.4735   -15.5315 
  -0.20944   -2.51327    4.56752    17.9545 
         0   -2.51327    50.4662    15.6388 
   0.20944   -2.51327    59.1175    13.1591 
  0.418879   -2.51327    51.4666  -0.500717 
  0.628319   -2.51327    34.3427   -13.8257 
  0.837758   -2.51327    9.98524   -22.5091 
    1.0472   -2.51327   -15.5334   -18.1993 
   1.25664   -2.51327   -37.4729   -14.2316 
   1.46608   -2.51327   -53.5094   -19.6569 
   1.67552   -2.51327   -59.6418   -5.52179 
   1.88496   -2.51327   -65.2111   -10.1977 
    2.0944   -2.51327   -47.9972   -6.41932 
   2.30383   -2.51327   -5.67375   -2.12614 
   2.51327   -2.51327    18.9814    -18.601 
   2.72271   -2.51327    67.1994   -35.1956 
   2.93215   -2.51327    71.5178   -34.4501 
   3.14159   -2.51327    56.3991   -28.5629 
  -3.14159   -2.30383    51.6083    4.00484 
  -2.93215   -2.30383    46.9178   -11.3645 
  -2.72271   -2.30383     18.734   -20.3869 
  -2.51327   -2.30383    5.56621   -24.3531 
  -2.30383   -2.30383  -0.266882   -18.0633 
   -2.0944   -2.30383  0.0041657   -19.3264 
  -1.88496   -2.30383    2.17833     -13.78 
  -1.67552   -2.30383  -0.569026   -13.9857 
  -1.46608   -2.30383   -10.3826    -22.236 
  -1.25664   -2.30383   -28.9073   -20.9569 
   -1.0472   -2.30383    -43.094   -10.9466 
 -0.837758   -2.30383   -51.4035   -4.15535 
 -0.628319   -2.30383   -40.8773    10.8935 
 -0.418879   -2.30383   -19.0366    29.5247 
  -0.20944   -2.30383    17.0941    45.7708 
         0   -2.30383    34.3804    28.7535 
   0.20944   -2.30383    44.2504    21.4862 
  0.418879   -2.30383    42.3758    10.0999 
  0.628319   -2.30383    30.7552   0.272856 
  0.837758   -2.30383    7.86697   -10.7478 
    1.0472   -2.30383   -20.1936   -8.95351 
   1.25664   -2.30383   -35.3607   -8.37266 
   1.46608   -2.30383   -54.5809   -6.59063 
   1.67552   -2.30383   -65.4648    14.1315 
   1.88496   -2.30383   -50.0134   -10.9111 
    2.0944   -2.30383   -28.4526   -2.46134 
   2.30383   -2.30383   -3.56588  -0.906834 
   2.51327   -2.30383    1.91081   -2.53954 
   2.72271   -2.30383      52.77    8.77221 
   2.93215   -2.30383    60.9192 -0.00635252 
   3.14159   -2.30383    51.6083    4.00484 
  -3.14159    -2.0944    52.2007    16.9157 
  -2.93215    -2.0944    41.5812    18.6458 
  -2.72271    -2.0944     28.098   0.995584 
  -2.51327    -2.0944    9.72225   -6.03746 
  -2.30383    -2.0944    2.75859   -2.01848 
   -2.0944    -2.0944    2.79744    2.85749 
  -1.88496    -2.0944   0.696951   -5.01244 
  -1.67552    -2.0944    2.17066    3.01789 
  -1.46608    -2.0944   -5.94219  -0.420732 
  -1.25664    -2.0944   -17.8352    6.34153 
   -1.0472    -2.0944   -30.4749    24.0262 
 -0.837758    -2.0944   -34.6212     28.628 
 -0.628319    -2.0944   -27.8055    46.2076 
 -0.418879    -2.0944   -6.54663       49.8 
  -0.20944    -2.0944    18.2877    53.2601 
         0    -2.0944    34.3422    41.4278 
   0.20944    -2.0944    38.8538    30.6357 
  0.418879    -2.0944    30.6994    20.5164 
  0.628319    -2.0944     24.304    11.9152 
  0.837758    -2.0944    9.05404    3.24286 
    1.0472    -2.0944   -13.5123   -1.71818 
   1.25664    -2.0944   -32.4441   -3.64175 
   1.46608    -2.0944   -44.8363    7.46335 
   1.67552    -2.0944   -55.2442    17.4693 
   1.88496    -2.0944   -57.7312    37.0747 
    2.0944    -2.0944   -54.4424    20.2423 
   2.30383    -2.0944   -4.19362    2.89295 
   2.51327    -2.0944    9.47309   0.744688 
   2.72271    -2.0944    54.9511    10.2987 
   2.93215    -2.0944    57.6889    17.0209 
   3.14159    -2.0944    52.2007    16.9157 
  -3.14159   -1.88496    52.0375     21.549 
  -2.93215   -1.88496    40.0879    22.5245 
  -2.72271   -1.88496    26.1828    20.5513 
  -2.51327   -1.88496    13.3512    15.7654 
  -2.30383   -1.88496    2.31753    14.0698 
   -2.0944   -1.88496   0.602012    12.7444 
  -1.88496   -1.88496   -1.49407    11.4332 
  -1.67552   -1.88496   -2.64461    11.3289 
  -1.46608   -1.88496   -8.66853    14.8047 
  -1.25664   -1.88496   -15.0886    20.5817 
   -1.0472   -1.88496   -27.7608    27.2849 
 -0.837758   -1.88496   -26.5246    39.4655 
 -0.628319   -1.88496   -20.3391    46.5348 
 -0.418879   -1.88496   -0.19143    52.9478 
  -0.20944   -1.88496    8.25761    49.1939 
         0   -1.88496    12.4834    34.6523 
   0.20944   -1.88496    19.9664    25.9842 
  0.418879   -1.88496    22.0854    17.6421 
  0.628319   -1.88496    15.0584    3.64013 
  0.837758   -1.88496     7.4343   -3.71818 
    1.0472   -1.88496   -9.75864   -8.94329 
   1.25664   -1.88496    -29.767   -1.82597 
   1.46608   -1.88496    -39.719    10.1993 
   1.67552   -1.88496   -45.5198    11.2112 
   1.88496   -1.88496   -45.5504    21.3652 
    2.0944   -1.88496   -34.9125    23.5924 
   2.30383   -1.88496   -12.9673     27.775 
   2.51327   -1.88496      22.84    56.9454 
   2.72271   -1.88496    49.2407    22.4682 
   2.93215   -1.88496    60.9469    25.9391 
   3.14159   -1.88496    52.0375     21.549 
  -3.14159   -1.67552    42.9733    28.9358 
  -2.93215   -1.67552    35.0684    22.4106 
  -2.72271   -1.67552    21.6496    31.7965 
  -2.51327   -1.67552     8.6164    20.3319 
  -2.30383   -1.67552    1.77676    19.2131 
   -2.0944   -1.67552  -0.427282    19.2254 
  -1.88496   -1.67552   -1.48542     15.933 
  -1.67552   -1.67552    2.72063    20.5148 
  -1.46608   -1.67552   -4.22284    19.1766 
  -1.25664   -1.67552   -11.4338    24.9164 
   -1.0472   -1.67552   -18.3246    35.6498 
 -0.837758   -1.67552   -20.5552    43.3878 
 -0.628319   -1.67552   -15.9557    41.4475 
 -0.418879   -1.67552   -7.22982    49.7522 
  -0.20944   -1.67552    4.17439    45.2929 
         0   -1.67552    10.9347    29.5217 
   0.20944   -1.67552    13.5914    19.7112 
  0.418879   -1.67552    10.1568    1.33593 
  0.628319   -1.67552    4.07726   -15.8962 
  0.837758   -1.67552  -0.503668   -20.0547 
    1.0472   -1.67552   -13.5368    -23.755 
   1.25664   -1.67552   -28.3353   -14.2283 
   1.46608   -1.67552   -33.0965   -4.29816 
   1.67552   -1.67552   -42.6376     2.5457 
   1.88496   -1.67552   -38.5292    14.6491 
    2.0944   -1.67552    -39.492     29.865 
   2.30383   -1.67552    -18.582    26.8031 
   2.51327   -1.67552    11.8424    41.6767 
   2.72271   -1.67552    36.5747    42.1045 
   2.93215   -1.67552    48.5071    41.9208 
   3.14159   -1.67552    42.9733    28.9358 
  -3.14159   -1.46608    44.1052    32.8958 
  -2.93215   -1.46608    31.6225    29.5786 
  -2.72271   -1.46608    15.9335    29.5787 
  -2.51327   -1.46608    3.97673    20.9915 
  -2.30383   -1.46608  -0.188767    18.9468 
   -2.0944   -1.46608  -0.706862    20.6425 
  -1.88496   -1.46608    7.09775    23.6192 
  -1.67552   -1.46608    11.1068    25.1986 
  -1.46608   -1.46608    1.97947    22.1342 
  -1.25664   -1.46608    0.68827     36.663 
   -1.0472   -1.46608   -7.94321    37.5878 
 -0.837758   -1.46608    -12.696    40.2008 
 -0.628319   -1.46608   -12.6396    43.1788 
 -0.418879   -1.46608   -7.73126    42.1272 
  -0.20944   -1.46608   -5.45474    29.1652 
         0   -1.46608   -2.92138    18.8283 
   0.20944   -1.46608   -1.53046  0.0597322 
  0.418879   -1.46608   -4.59965   -15.0216 
  0.628319   -1.46608   -4.96383   -27.0626 
  0.837758   -1.46608   -8.02806   -39.4643 
    1.0472   -1.46608   -16.1502   -37.4671 
   1.25664   -1.46608   -19.6228   -21.2086 
   1.46608   -1.46608   -18.9801   -14.1497 
   1.67552   -1.46608   -30.6803    5.64801 
   1.88496   -1.46608   -35.5406    11.3232 
    2.0944   -1.46608   -37.1934    20.8192 
   2.30383   -1.46608   -10.3161      34.35 
   2.51327   -1.46608    15.2514    42.6735 
   2.72271   -1.46608    43.1988    43.1761 
   2.93215   -1.46608    48.4077     36.066 
   3.14159   -1.46608    44.1052    32.8958 
  -3.14159   -1.25664    46.4175    28.5643 
  -2.93215   -1.25664    28.5167      25.78 
  -2.72271   -1.25664     17.164    23.3644 
  -2.51327   -1.25664    5.03696    17.7482 
  -2.30383   -1.25664   -1.60303    15.8739 
   -2.0944   -1.25664    1.39275    13.9641 
  -1.88496   -1.25664    9.28463    18.4032 
  -1.67552   -1.25664    8.13412    18.1468 
  -1.46608   -1.25664    4.74864    21.9908 
  -1.25664   -1.25664      5.284    33.6188 
   -1.0472   -1.25664   -4.31242    34.8541 
 -0.837758   -1.25664   -11.3852    34.6672 
 -0.628319   -1.25664   -11.4175    39.5348 
 -0.418879   -1.25664    -13.453    31.2287 
  -0.20944   -1.25664   -12.4799    13.8674 
         0   -1.25664   -16.0968   -5.01854 
   0.20944   -1.25664   -21.7564   -19.7902 
  0.418879   -1.25664   -20.3926   -37.2549 
  0.628319   -1.25664   -15.1017   -50.3792 
  0.837758   -1.25664   -15.4409   -54.0914 
    1.0472   -1.25664   -6.33099   -44.4521 
   1.25664   -1.25664     -2.044   -28.2567 
   1.46608   -1.25664   -7.36322   -12.6582 
   1.67552   -1.25664   -16.4411    7.18995 
   1.88496   -1.25664   -29.7387    7.38001 
    2.0944   -1.25664   -27.0865    13.1774 
   2.30383   -1.25664   0.302465    24.9227 
   2.51327   -1.25664    26.1777    33.9117 
   2.72271   -1.25664    47.8309    38.2307 
   2.93215   -1.25664    50.8496    30.7232 
   3.14159   -1.25664    46.4175    28.5643 
  -3.14159    -1.0472    38.8596     19.507 
  -2.93215    -1.0472    27.2338    20.6047 
  -2.72271    -1.0472    12.4785    14.8599 
  -2.51327    -1.0472    1.41558    10.0881 
  -2.30383    -1.0472   -4.51031     12.134 
   -2.0944    -1.0472 -0.0541697    9.92761 
  -1.88496    -1.0472    3.99386     15.822 
  -1.67552    -1.0472    8.79732    20.0545 
  -1.46608    -1.0472    9.29348    19.2221 
  -1.25664    -1.0472     5.5909    24.2478 
   -1.0472    -1.0472  -0.949507      26.18 
 -0.837758    -1.0472   -10.5997    24.3263 
 -0.628319    -1.0472   -18.9978     18.739 
 -0.418879    -1.0472   -30.0249    4.31274 
  -0.20944    -1.0472   -33.4165   -11.3505 
         0    -1.0472    -38.172   -28.6708 
   0.20944    -1.0472   -40.7966   -48.0979 
  0.418879    -1.0472   -36.3279   -59.7339 
  0.628319    -1.0472   -18.8587   -57.2691 
  0.837758    -1.0472    3.29863   -54.8697 
    1.0472    -1.0472    15.9216   -36.0982 
   1.25664    -1.0472    19.9693   -11.6675 
   1.46608    -1.0472     7.1319   -4.14736 
   1.67552    -1.0472   -10.4874  -0.786311 
   1.88496    -1.0472   -23.4112    4.71788 
    2.0944    -1.0472    -23.322    8.72132 
   2.30383    -1.0472    7.28931    17.9379 
   2.51327    -1.0472    26.4688    26.9802 
   2.72271    -1.0472    48.7356    25.4088 
   2.93215    -1.0472    52.7347    21.4149 
   3.14159    -1.0472    38.8596     19.507 
  -3.14159  -0.837758    39.4449    5.91725 
  -2.93215  -0.837758      26.47     7.6619 
  -2.72271  -0.837758    9.69073    3.09117 
  -2.51327  -0.837758   -3.46369    5.84668 
  -2.30383  -0.837758   -5.72084    1.21276 
   -2.0944  -0.837758    6.28511     9.2851 
  -1.88496  -0.837758    4.77575     7.9891 
  -1.67552  -0.837758    11.1721    10.8527 
  -1.46608  -0.837758    8.61139    9.35044 
  -1.25664  -0.837758    7.70784    13.3737 
   -1.0472  -0.837758   -2.95131    11.8318 
 -0.837758  -0.837758   -17.3082    6.50227 
 -0.628319  -0.837758   -26.9065    1.35051 
 -0.418879  -0.837758   -42.5699   -16.6342 
  -0.20944  -0.837758   -49.8922   -35.8712 
         0  -0.837758   -50.8018   -53.5605 
   0.20944  -0.837758   -47.4012   -62.6869 
  0.418879  -0.837758   -40.8009   -68.8077 
  0.628319  -0.837758   -1.20042   -61.4723 
  0.837758  -0.837758    20.5199   -44.2445 
    1.0472  -0.837758    37.4334   -17.6778 
   1.25664  -0.837758    34.4855   -3.27499 
   1.46608  -0.837758     12.059    -4.6673 
   1.67552  -0.837758   -8.63011   -1.18629 
   1.88496  -0.837758   -25.5966  -0.773601 
    2.0944  -0.837758   -19.0953    1.99725 
   2.30383  -0.837758    5.62971   0.837755 
   2.51327  -0.837758    38.3356    5.89889 
   2.72271  -0.837758    49.4795    16.3997 
   2.93215  -0.837758    46.3213    10.9927 
   3.14159  -0.837758    39.4449    5.91725 
  -3.14159  -0.628319     40.699   -5.38096 
  -2.93215  -0.628319    26.3647   -6.91315 
  -2.72271  -0.628319    12.8574   -5.29509 
  -2.51327  -0.628319   0.934338   -5.26026 
  -2.30383  -0.628319   0.403789   -3.94058 
   -2.0944  -0.628319    3.03558   -2.51915 
  -1.88496  -0.628319    9.96833   -1.08121 
  -1.67552  -0.628319    15.4608  -0.978645 
  -1.46608  -0.628319    11.5841   -3.46788 
  -1.25664  -0.628319    6.08986   -1.26689 
   -1.0472  -0.628319   -6.64469    -2.7892 
 -0.837758  -0.628319   -27.1885   -13.3832 
 -0.628319  -0.628319    -44.823   -28.4692 
 -0.418879  -0.628319   -66.0261   -49.5772 
  -0.20944  -0.628319   -72.5897   -65.6775 
         0  -0.628319   -58.9943   -69.5254 
   0.20944  -0.628319   -58.6917   -77.7178 
  0.418879  -0.628319   -37.9728   -83.5592 
  0.628319  -0.628319    9.91089    -54.013 
  0.837758  -0.628319     30.746   -30.3567 
    1.0472  -0.628319    47.8824    -4.7712 
   1.25664  -0.628319    37.4838    12.7719 
   1.46608  -0.628319    9.83877    8.12734 
   1.67552  -0.628319   -14.1011  -0.165883 
   1.88496  -0.628319   -23.6657   -8.06826 
    2.0944  -0.628319   -19.7281   -8.08383 
   2.30383  -0.628319    6.54142   -7.13857 
   2.51327  -0.628319    35.0815   -4.21243 
   2.72271  -0.628319    47.2865    2.61286 
   2.93215  -0.628319    53.7518   -3.26003 
   3.14159  -0.628319     40.699   -5.38096 
  -3.14159  -0.418879    46.0153   -13.9515 
  -2.93215  -0.418879    30.4831   -13.6257 
  -2.72271  -0.418879    14.4301   -13.5671 
  -2.51327  -0.418879     6.9406   -10.1068 
  -2.30383  -0.418879    8.75221   -7.98756 
   -2.0944  -0.418879    5.20425   -7.08906 
  -1.88496  -0.418879    12.3243   -9.51881 
  -1.67552  -0.418879    11.7264   -9.15323 
  -1.46608  -0.418879    6.80469   -11.3136 
  -1.25664  -0.418879   -3.70655   -17.9425 
   -1.0472  -0.418879   -19.1667   -22.8677 
 -0.837758  -0.418879   -41.2185    -39.309 
 -0.628319  -0.418879   -61.3797   -54.3368 
 -0.418879  -0.418879    -76.148   -70.2374 
  -0.20944  -0.418879   -78.5761   -75.3726 
         0  -0.418879   -71.6372   -82.9856 
   0.20944  -0.418879   -30.2645   -41.3377 
  0.418879  -0.418879    1.37347   -5.18739 
  0.628319  -0.418879    29.6558    15.2253 
  0.837758  -0.418879     66.383    59.3542 
    1.0472  -0.418879    45.8195    53.0741 
   1.25664  -0.418879    26.3582     40.663 
   1.46608  -0.418879    1.59728    24.7569 
   1.67552  -0.418879   -23.6085    4.29816 
   1.88496  -0.418879   -35.2374   -8.78951 
    2.0944  -0.418879   -19.1782   -8.97333 
   2.30383  -0.418879    7.52499   -19.1795 
   2.51327  -0.418879      32.74   -17.3323 
   2.72271  -0.418879    51.8287    -14.481 
   2.93215  -0.418879    57.6686   -17.2822 
   3.14159  -0.418879    46.0153   -13.9515 
  -3.14159   -0.20944    43.8386   -18.3653 
  -2.93215   -0.20944     31.993   -15.3008 
  -2.72271   -0.20944    17.7546   -11.1658 
  -2.51327   -0.20944     10.066   -4.71015 
  -2.30383   -0.20944    9.25593    0.13587 
   -2.0944   -0.20944     4.5974   -3.71876 
  -1.88496   -0.20944    9.76545   -8.52956 
  -1.67552   -0.20944    4.10644    -7.8808 
  -1.46608   -0.20944    1.97538   -15.5367 
  -1.25664   -0.20944   -8.07173   -25.4338 
   -1.0472   -0.20944   -35.7475   -39.4814 
 -0.837758   -0.20944   -57.4886    -55.553 
 -0.628319   -0.20944   -73.8694    -72.023 
 -0.418879   -0.20944   -80.1709   -84.8269 
  -0.20944   -0.20944    -93.035    -102.53 
         0   -0.20944    -28.937    -34.094 
   0.20944   -0.20944    -2.6618    -4.0223 
  0.418879   -0.20944    10.2813    6.28921 
  0.628319   -0.20944    91.5109    72.9125 
  0.837758   -0.20944    68.0176    67.8308 
    1.0472   -0.20944    35.2829     52.404 
   1.25664   -0.20944    8.95634    39.3793 
   1.46608   -0.20944   -17.5477    23.4965 
   1.67552   -0.20944   -35.2343  -0.324764 
   1.88496   -0.20944   -44.1663   -6.56152 
    2.0944   -0.20944   -30.8197   -10.6066 
   2.30383   -0.20944 0.00993154   -10.1545 
   2.51327   -0.20944     32.777   -23.8098 
   2.72271   -0.20944    52.2008   -21.4099 
   2.93215   -0.20944    53.0285   -20.2755 
   3.14159   -0.20944    43.8386   -18.3653 
  -3.14159          0    55.0185   -11.1066 
  -2.93215          0     41.102   -6.98003 
  -2.72271          0    23.3583    5.94367 
  -2.51327          0     10.229    7.63061 
  -2.30383          0    6.70618    10.1333 
   -2.0944          0    3.68361    3.91333 
  -1.88496          0    3.40557  -0.578989 
  -1.67552          0    0.55916   -6.48707 
  -1.46608          0    -6.0528   -16.1804 
  -1.25664          0   -22.8733   -38.0742 
   -1.0472          0   -51.9505   -55.9969 
 -0.837758          0   -70.9644   -68.4397 
 -0.628319          0   -88.3526   -81.2611 
 -0.418879          0    -75.795   -72.8078 
  -0.20944          0    -6.7434   -7.70179 
         0          0  -0.300316  -0.336466 
   0.20944          0          0          0 
  0.418879          0    57.4205    47.6776 
  0.628319          0    85.1603    73.7955 
  0.837758          0    60.9213    64.9287 
    1.0472          0     22.148    48.3555 
   1.25664          0   -10.2145    32.5092 
   1.46608          0   -40.4292    14.7099 
   1.67552          0   -52.8739    3.63303 
   1.88496          0   -59.2217   0.366909 
    2.0944          0   -45.8108   -2.95428 
   2.30383          0   -7.20966    -5.5306 
   2.51327          0    20.8986   -14.8733 
   2.72271          0    43.5881   -11.5702 
   2.93215          0    60.8409    -2.2828 
   3.14159          0    55.0185   -11.1066 
  -3.14159    0.20944    58.8453    6.18153 
  -2.93215    0.20944    40.0284    10.8774 
  -2.72271    0.20944    24.0498    15.6862 
  -2.51327    0.20944    10.0973    15.1814 
  -2.30383    0.20944   -1.65951    15.5906 
   -2.0944    0.20944   0.472659    7.42606 
  -1.88496    0.20944   -2.54352    4.20287 
  -1.67552    0.20944   -11.9927    -6.4179 
  -1.46608    0.20944   -25.9907   -26.7382 
  -1.25664    0.20944   -42.4079   -47.9064 
   -1.0472    0.20944   -67.6573   -64.0633 
 -0.837758    0.20944    -80.468   -78.3757 
 -0.628319    0.20944   -70.0436   -58.1366 
 -0.418879    0.20944   -6.02843   -5.15137 
  -0.20944    0.20944          0          0 
         0    0.20944          0          0 
   0.20944    0.20944    26.1987    28.3296 
  0.418879    0.20944    84.9962    79.8597 
  0.628319    0.20944    71.1493    66.9663 
  0.837758    0.20944    44.0304    46.9107 
    1.0472    0.20944    7.35457    37.6086 
   1.25664    0.20944   -29.7232    20.0727 
   1.46608    0.20944   -48.1181    14.4684 
   1.67552    0.20944   -62.6316    6.35227 
   1.88496    0.20944   -67.5029    3.69829 
    2.0944    0.20944   -51.0414   0.639556 
   2.30383    0.20944   -14.3334    -4.4958 
   2.51327    0.20944    16.1476   -1.11985 
   2.72271    0.20944    50.7028    7.54718 
   2.93215    0.20944    64.4513    14.4357 
   3.14159    0.20944    58.8453    6.18153 
  -3.14159   0.418879     57.622    16.7622 
  -2.93215   0.418879    40.5832    20.3191 
  -2.72271   0.418879    22.3149    17.8387 
  -2.51327   0.418879    8.62949    17.1652 
  -2.30383   0.418879    2.60187    12.6948 
   -2.0944   0.418879  -0.847699    10.5424 
  -1.88496   0.418879   -12.2274    6.24517 
  -1.67552   0.418879    -25.896   -8.24648 
  -1.46608   0.418879   -44.5427   -28.2615 
  -1.25664   0.418879   -64.6368   -44.8854 
   -1.0472   0.418879   -81.3332   -65.1372 
 -0.837758   0.418879   -105.987   -97.2647 
 -0.628319   0.418879   -3.03536   -4.14832 
 -0.418879   0.418879    0.32281   0.506132 
  -0.20944   0.418879    8.56963    12.8662 
         0   0.418879    49.4265     53.047 
   0.20944   0.418879     86.212    87.5331 
  0.418879   0.418879    82.4374    73.1228 
  0.628319   0.418879    57.7636    54.7328 
  0.837758   0.418879    24.3301    35.3002 
    1.0472   0.418879   -9.66511    22.4027 
   1.25664   0.418879   -36.0898    14.3547 
   1.46608   0.418879   -51.2321    13.0271 
   1.67552   0.418879   -62.5082    7.87037 
   1.88496   0.418879   -61.9872  -0.544962 
    2.0944   0.418879   -39.7413     1.3934 
   2.30383   0.418879   -15.9162     2.0905 
   2.51327   0.418879     20.419    11.9466 
   2.72271   0.418879    57.4085    23.4767 
   2.93215   0.418879    66.9191    25.3524 
   3.14159   0.418879     57.622    16.7622 
  -3.14159   0.628319    58.7458    19.4019 
  -2.93215   0.628319    38.1276    18.6067 
  -2.72271   0.628319    22.4759    18.0825 
  -2.51327   0.628319    8.03525    17.6034 
  -2.30383   0.628319   -4.06803    9.40395 
   -2.0944   0.628319   -9.05414    9.50976 
  -1.88496   0.628319   -20.0055    7.80894 
  -1.67552   0.628319   -41.0901    -7.3617 
  -1.46608   0.628319   -63.7352   -15.3798 
  -1.25664   0.628319   -77.5334   -9.00982 
   -1.0472   0.628319   -88.2401   -11.9372 
 -0.837758   0.628319   -7.15547   -2.63676 
 -0.628319   0.628319    2.84919    5.01832 
 -0.418879   0.628319    25.9313    39.0711 
  -0.20944   0.628319    79.0717     103.44 
         0   0.628319    69.7845    83.6225 
   0.20944   0.628319    74.6345    71.5021 
  0.418879   0.628319    68.6907     59.714 
  0.628319   0.628319    42.6508    37.0139 
  0.837758   0.628319    11.3766    20.7903 
    1.0472   0.628319   -16.9689    11.7687 
   1.25664   0.628319   -41.6138    10.7976 
   1.46608   0.628319    -58.029    10.7564 
   1.67552   0.628319   -61.6648    10.3606 
   1.88496   0.628319   -54.7798    5.57285 
    2.0944   0.628319   -41.9271    12.1818 
   2.30383   0.628319   -9.94145    18.7542 
   2.51327   0.628319    21.1156    24.2835 
   2.72271   0.628319    45.8401    32.4277 
   2.93215   0.628319     58.068    24.3602 
   3.14159   0.628319    58.7458    19.4019 
  -3.14159   0.837758    59.7369    12.6116 
  -2.93215   0.837758    38.5006    13.9817 
  -2.72271   0.837758    19.1561     15.216 
  -2.51327   0.837758    7.99926    14.1233 
  -2.30383   0.837758   -1.02345     6.7599 
   -2.0944   0.837758   -12.2632    10.5014 
  -1.88496   0.837758   -26.1178    4.11372 
  -1.67552   0.837758    -42.797    4.41292 
  -1.46608   0.837758   -61.4519    8.17703 
  -1.25664   0.837758   -69.0273    22.6795 
   -1.0472   0.837758   -70.4609    28.9202 
 -0.837758   0.837758   -5.67901    29.3413 
 -0.628319   0.837758    36.1936     95.375 
 -0.418879   0.837758    47.6462    92.1016 
  -0.20944   0.837758    64.2398    88.0549 
         0   0.837758    76.4005     82.859 
   0.20944   0.837758    65.4452    54.3374 
  0.418879   0.837758    53.2905    38.6314 
  0.628319   0.837758    25.1828    14.8548 
  0.837758   0.837758     1.4282    5.57861 
    1.0472   0.837758   -25.6008    2.94321 
   1.25664   0.837758   -43.8808    7.48385 
   1.46608   0.837758   -58.1662    9.03371 
   1.67552   0.837758   -67.8649  -0.405717 
   1.88496   0.837758   -56.0158 -0.0976041 
    2.0944   0.837758   -33.8374    14.6887 
   2.30383   0.837758    3.30008    23.9887 
   2.51327   0.837758    36.9879    22.4683 
   2.72271   0.837758    63.0151    23.7265 
   2.93215   0.837758    63.8837    16.3045 
   3.14159   0.837758    59.7369    12.6116 
  -3.14159     1.0472    53.7773    5.87451 
  -2.93215     1.0472    36.8361    9.48699 
  -2.72271     1.0472    18.8904    13.4898 
  -2.51327     1.0472    11.5204    9.83667 
  -2.30383     1.0472    1.45194    4.86158 
   -2.0944     1.0472   -8.31728    8.74822 
  -1.88496     1.0472   -24.6332    5.44588 
  -1.67552     1.0472   -41.8318    8.95638 
  -1.46608     1.0472   -55.7849    18.6009 
  -1.25664     1.0472   -60.1306    31.9358 
   -1.0472     1.0472    -33.127     61.655 
 -0.837758     1.0472   -1.05004    76.4346 
 -0.628319     1.0472    24.1555    80.1894 
 -0.418879     1.0472    42.7406     77.936 
  -0.20944     1.0472    53.9441    68.5782 
         0     1.0472    56.3824    50.7848 
   0.20944     1.0472    45.3671    28.9622 
  0.418879     1.0472    33.4526    12.7148 
  0.628319     1.0472    13.0244   -4.03436 
  0.837758     1.0472   -1.06823   -3.53515 
    1.0472     1.0472   -25.2253   -2.40399 
   1.25664     1.0472    -48.204   -5.62344 
   1.46608     1.0472   -57.3544    -1.8245 
   1.67552     1.0472   -63.5252   -1.54864 
   1.88496     1.0472   -59.4341   -1.96801 
    2.0944     1.0472   -36.5146    12.2388 
   2.30383     1.0472    1.95568    20.3441 
   2.51327     1.0472    38.7433    19.2523 
   2.72271     1.0472    60.7941    11.8736 
   2.93215     1.0472    64.8622    13.2953 
   3.14159     1.0472    53.7773    5.87451 
  -3.14159    1.25664    49.6372   -1.50289 
  -2.93215    1.25664    34.9002 -0.0395942 
  -2.72271    1.25664    16.8187    4.45564 
  -2.51327    1.25664    6.54292    1.13811 
  -2.30383    1.25664    1.43224   -1.88748 
   -2.0944    1.25664    -7.7916    6.26258 
  -1.88496    1.25664   -18.2232    4.59822 
  -1.67552    1.25664   -33.7718    12.5827 
  -1.46608    1.25664   -42.1325    26.6571 
  -1.25664    1.25664   -30.6438    44.9143 
   -1.0472    1.25664   -14.1294    64.9967 
 -0.837758    1.25664    0.98557    69.7577 
 -0.628319    1.25664    25.7496    72.4038 
 -0.418879    1.25664    34.1163    60.4238 
  -0.20944    1.25664    33.8001    43.8853 
         0    1.25664    33.4492    27.7943 
   0.20944    1.25664    26.6807    6.57793 
  0.418879    1.25664    21.5032   -3.09386 
  0.628319    1.25664    9.92955   -12.3577 
  0.837758    1.25664   -7.29432   -12.5761 
    1.0472    1.25664   -24.9236   -8.07927 
   1.25664    1.25664   -42.3398   -6.16728 
   1.46608    1.25664   -62.1569   -12.3134 
   1.67552    1.25664   -57.4552  -0.557395 
   1.88496    1.25664   -53.8267    3.39709 
    2.0944    1.25664   -33.5112    5.23712 
   2.30383    1.25664    10.1095    5.14601 
   2.51327    1.25664    39.2465    9.35444 
   2.72271    1.25664    62.0014    12.3248 
   2.93215    1.25664    59.8282    7.68214 
   3.14159    1.25664    49.6372   -1.50289 
  -3.14159    1.46608    51.9631   -2.07934 
  -2.93215    1.46608    30.4687   0.279771 
  -2.72271    1.46608    15.0281    4.24509 
  -2.51327    1.46608    5.74987    0.60718 
  -2.30383    1.46608  -0.962722   0.217304 
   -2.0944    1.46608    -6.5221    2.14769 
  -1.88496    1.46608   -16.1122    3.55674 
  -1.67552    1.46608   -24.3999    14.1196 
  -1.46608    1.46608   -24.4504    28.7808 
  -1.25664    1.46608    -14.905    45.9279 
   -1.0472    1.46608   -2.31091     61.258 
 -0.837758    1.46608    8.31697    62.0476 
 -0.628319    1.46608    11.9253    52.7262 
 -0.418879    1.46608    12.9774       39.7 
  -0.20944    1.46608    14.1724    21.7153 
         0    1.46608    13.2069    7.11814 
   0.20944    1.46608    13.2999   -6.03702 
  0.418879    1.46608     14.405   -13.9978 
  0.628319    1.46608    7.59692   -18.2147 
  0.837758    1.46608   -6.73065   -21.3311 
    1.0472    1.46608    -16.955   -9.45293 
   1.25664    1.46608   -35.8193     -6.631 
   1.46608    1.46608   -49.0957   -11.2457 
   1.67552    1.46608   -52.8354   -5.16921 
   1.88496    1.46608   -36.6247    6.91053 
    2.0944    1.46608   -14.9491    6.68003 
   2.30383    1.46608    10.9957    10.8338 
   2.51327    1.46608    38.6819    7.90557 
   2.72271    1.46608    56.1864    6.35196 
   2.93215    1.46608    58.0763    1.16492 
   3.14159    1.46608    51.9631   -2.07934 
  -3.14159    1.67552    45.2396  -0.680522 
  -2.93215    1.67552    28.4799    4.06502 
  -2.72271    1.67552    12.0378    5.45033 
  -2.51327    1.67552    5.12735    4.45675 
  -2.30383    1.67552  -0.049653    4.22622 
   -2.0944    1.67552    2.17064    0.77894 
  -1.88496    1.67552   -6.36001    7.99193 
  -1.67552    1.67552    -10.813     9.5284 
  -1.46608    1.67552   -6.66129    28.5691 
  -1.25664    1.67552   -4.17553    38.5191 
   -1.0472    1.67552   0.630769    46.6211 
 -0.837758    1.67552   -4.48837    42.0348 
 -0.628319    1.67552   -5.04889    31.6109 
 -0.418879    1.67552   -5.10741    19.6332 
  -0.20944    1.67552   -5.75689    6.30796 
         0    1.67552  0.0898808   -1.93561 
   0.20944    1.67552    6.65372   -8.37435 
  0.418879    1.67552    7.94136   -18.6954 
  0.628319    1.67552     6.4469   -23.6611 
  0.837758    1.67552   -2.69299   -20.6472 
    1.0472    1.67552   -16.1005   -8.90832 
   1.25664    1.67552    -35.655   -1.20858 
   1.46608    1.67552    -53.602    -9.9564 
   1.67552    1.67552    -56.221    1.74222 
   1.88496    1.67552   -43.1052    3.55096 
    2.0944    1.67552   -21.8986    1.03262 
   2.30383    1.67552    15.3066    7.94751 
   2.51327    1.67552    37.8652    6.43621 
   2.72271    1.67552    50.3179     6.9822 
   2.93215    1.67552    55.6074   -1.80485 
   3.14159    1.67552    45.2396  -0.680522 
  -3.14159    1.88496    43.9625    3.99011 
  -2.93215    1.88496    25.5444    10.8401 
  -2.72271    1.88496    10.7007    4.99742 
  -2.51327    1.88496    4.37508    7.70852 
  -2.30383    1.88496   -3.65499    2.09057 
   -2.0944    1.88496    3.98744    4.19487 
  -1.88496    1.88496    1.49132    6.60109 
  -1.67552    1.88496   -1.85994    8.11824 
  -1.46608    1.88496   -2.03945    19.5814 
  -1.25664    1.88496   -4.89438    21.1279 
   -1.0472    1.88496   -5.86129    25.7501 
 -0.837758    1.88496   -10.5725    25.3419 
 -0.628319    1.88496   -11.4968    20.0436 
 -0.418879    1.88496   -17.8841    11.9653 
  -0.20944    1.88496   -13.0879     7.6871 
         0    1.88496   -11.2162    -3.4171 
   0.20944    1.88496  -0.762765   -10.2547 
  0.418879    1.88496    4.24837   -18.2453 
  0.628319    1.88496    9.14974    -23.101 
  0.837758    1.88496    1.14394   -20.6638 
    1.0472    1.88496   -11.1477   -5.61999 
   1.25664    1.88496   -31.5835    1.87793 
   1.46608    1.88496   -52.2424      1.686 
   1.67552    1.88496   -53.7865    4.30307 
   1.88496    1.88496   -41.0949    9.38928 
    2.0944    1.88496   -14.7019     8.9849 
   2.30383    1.88496    14.6027    15.5745 
   2.51327    1.88496    40.1498    10.1129 
   2.72271    1.88496    51.5882    5.60645 
   2.93215    1.88496    49.5656    7.20043 
   3.14159    1.88496    43.9625    3.99011 
  -3.14159     2.0944    45.2369    10.1263 
  -2.93215     2.0944    29.6204    18.0578 
  -2.72271     2.0944    13.6734    12.9992 
  -2.51327     2.0944     1.5095    15.0224 
  -2.30383     2.0944   -2.94049    14.4107 
   -2.0944     2.0944   -1.20433    11.2181 
  -1.88496     2.0944    5.72048    7.62575 
  -1.67552     2.0944    5.41743    8.26272 
  -1.46608     2.0944     2.1692    10.8091 
  -1.25664     2.0944   -3.51993    12.0035 
   -1.0472     2.0944   -7.41023     12.774 
 -0.837758     2.0944   -18.1115    14.7058 
 -0.628319     2.0944   -22.9089    13.0249 
 -0.418879     2.0944   -28.7067    8.45115 
  -0.20944     2.0944   -25.7504     2.2371 
         0     2.0944    -19.547   -9.66167 
   0.20944     2.0944   -10.3965    -16.645 
  0.418879     2.0944    1.63074   -22.7465 
  0.628319     2.0944    14.9014   -17.8832 
  0.837758     2.0944    13.7878    -6.1705 
    1.0472     2.0944   0.581914    6.37612 
   1.25664     2.0944   -25.0348    10.5821 
   1.46608     2.0944   -45.6516    14.9457 
   1.67552     2.0944   -53.0437    15.1919 
   1.88496     2.0944   -47.1343    17.5779 
    2.0944     2.0944   -28.2411    16.5716 
   2.30383     2.0944    11.4788    19.0501 
   2.51327     2.0944    41.6565    14.5007 
   2.72271     2.0944    51.7953     14.122 
   2.93215     2.0944    51.5793    12.8919 
   3.14159     2.0944    45.2369    10.1263 
  -3.14159    2.30383    38.2852     15.299 
  -2.93215    2.30383     26.001    16.8985 
  -2.72271    2.30383    10.8468    18.5895 
  -2.51327    2.30383    2.28125    16.4138 
  -2.30383    2.30383   -2.23352    14.9865 
   -2.0944    2.30383   -3.07343    16.6217 
  -1.88496    2.30383    3.24463    9.41475 
  -1.67552    2.30383    7.28802    13.6456 
  -1.46608    2.30383    6.00002    11.6301 
  -1.25664    2.30383    1.36981    8.77272 
   -1.0472    2.30383   -11.1141    7.33887 
 -0.837758    2.30383   -18.2402    13.4789 
 -0.628319    2.30383   -28.2155    6.35875 
 -0.418879    2.30383   -30.6199    4.40226 
  -0.20944    2.30383   -31.0815    -6.9367 
         0    2.30383   -26.6066   -12.7278 
   0.20944    2.30383   -11.3157   -13.9722 
  0.418879    2.30383    8.83478   -16.8074 
  0.628319    2.30383    24.3293    -5.1725 
  0.837758    2.30383    24.8621    9.13295 
    1.0472    2.30383    5.15915    14.6787 
   1.25664    2.30383   -22.2561    16.7015 
   1.46608    2.30383   -45.0409    14.6933 
   1.67552    2.30383   -53.0964     18.731 
   1.88496    2.30383   -45.8038     14.403 
    2.0944    2.30383   -19.5818    11.2022 
   2.30383    2.30383    13.7738    12.3577 
   2.51327    2.30383    38.1605    12.4906 
   2.72271    2.30383    51.4577     17.881 
   2.93215    2.30383    50.9547    11.2595 
   3.14159    2.30383    38.2852     15.299 
  -3.14159    2.51327     43.485    9.60681 
  -2.93215    2.51327    24.3633    11.1656 
  -2.72271    2.51327    9.61297    14.2644 
  -2.51327    2.51327  -0.322128    10.7499 
  -2.30383    2.51327   -5.21489    7.75118 
   -2.0944    2.51327    -4.3967    9.92804 
  -1.88496    2.51327   -1.24378    7.21129 
  -1.67552    2.51327    6.73801    7.73918 
  -1.46608    2.51327    5.52184    3.72405 
  -1.25664    2.51327    3.73926    4.55123 
   -1.0472    2.51327   -8.22714    3.85479 
 -0.837758    2.51327   -22.5834   0.148667 
 -0.628319    2.51327   -33.1071    2.89429 
 -0.418879    2.51327   -35.1751   -4.84611 
  -0.20944    2.51327   -38.3702   -12.0031 
         0    2.51327   -33.0121    -20.511 
   0.20944    2.51327   -11.5291   -17.2775 
  0.418879    2.51327     22.574   -9.76109 
  0.628319    2.51327    39.0303    1.53819 
  0.837758    2.51327    32.4759    10.3261 
    1.0472    2.51327     4.3534    6.27099 
   1.25664    2.51327    -19.455    12.8992 
   1.46608    2.51327   -43.8856    4.61829 
   1.67552    2.51327   -52.5534    9.44114 
   1.88496    2.51327   -47.5767    2.71394 
    2.0944    2.51327   -22.3943    1.62019 
   2.30383    2.51327    16.7439    2.27143 
   2.51327    2.51327    42.9137     7.9845 
   2.72271    2.51327     54.074    16.1887 
   2.93215    2.51327    53.1271    11.6388 
   3.14159    2.51327     43.485    9.60681 
  -3.14159    2.72271    46.3941   -7.02898 
  -2.93215    2.72271    27.7573   -5.84251 
  -2.72271    2.72271    13.3751   -2.90656 
  -2.51327    2.72271  -0.924768   -3.89045 
  -2.30383    2.72271   -3.20514   -6.69038 
   -2.0944    2.72271   -3.60572   -4.72447 
  -1.88496    2.72271   0.280626   -3.32451 
  -1.67552    2.72271     5.1202    -7.8492 
  -1.46608    2.72271    5.04202    -7.7147 
  -1.25664    2.72271   -1.32107   -10.3005 
   -1.0472    2.72271   -12.3286   -10.7914 
 -0.837758    2.72271    -25.743   -12.8403 
 -0.628319    2.72271   -36.7161   -16.7388 
 -0.418879    2.72271   -45.9661    -23.551 
  -0.20944    2.72271   -43.3912   -29.7446 
         0    2.72271   -26.9234   -32.0843 
   0.20944    2.72271     15.203   -18.6491 
  0.418879    2.72271    46.3723   -3.92256 
  0.628319    2.72271    53.0664    4.79814 
  0.837758    2.72271    30.6238  -0.725172 
    1.0472    2.72271    3.84431   -4.68549 
   1.25664    2.72271   -25.2959   -5.78815 
   1.46608    2.72271    -50.759   -7.41601 
   1.67552    2.72271   -49.8781   -8.53827 
   1.88496    2.72271   -44.7021   -16.3871 
    2.0944    2.72271   -19.1492   -19.4478 
   2.30383    2.72271    13.1993   -18.7043 
   2.51327    2.72271    42.0709   -7.68947 
   2.72271    2.72271     55.168   -2.42524 
   2.93215    2.72271    57.8791   -5.64001 
   3.14159    2.72271    46.3941   -7.02898 
  -3.14159    2.93215    48.1968   -19.7644 
  -2.93215    2.93215    28.9645   -19.0161 
  -2.72271    2.93215    7.11919   -15.9527 
  -2.51327    2.93215     1.8004   -21.3559 
  -2.30383    2.93215   -4.30048   -22.0414 
   -2.0944    2.93215   -2.66897    -20.757 
  -1.88496    2.93215   -1.21043   -19.8957 
  -1.67552    2.93215    4.41337   -22.1661 
  -1.46608    2.93215    5.00182   -24.4416 
  -1.25664    2.93215   -6.85541   -28.5473 
   -1.0472    2.93215   -23.5169   -38.3671 
 -0.837758    2.93215   -39.9401   -39.0624 
 -0.628319    2.93215   -53.8157   -46.4431 
 -0.418879    2.93215   -57.7816   -52.0373 
  -0.20944    2.93215   -57.2863   -60.3468 
         0    2.93215   -30.8468   -55.2647 
   0.20944    2.93215    29.2066   -30.4613 
  0.418879    2.93215    53.9943   -14.1198 
  0.628319    2.93215    51.8156    -10.365 
  0.837758    2.93215    28.0428   -16.6315 
    1.0472    2.93215  -0.801669   -18.6095 
   1.25664    2.93215   -27.4983   -19.6994 
   1.46608    2.93215   -51.8933   -23.8119 
   1.67552    2.93215   -59.8792   -27.3239 
   1.88496    2.93215   -45.1104   -29.8919 
    2.0944    2.93215   -16.7204   -40.0569 
   2.30383    2.93215    10.8678   -35.3776 
   2.51327    2.93215    39.0802    -25.743 
   2.72271    2.93215    58.4135   -30.3218 
   2.93215    2.93215    58.8096   -25.8617 
   3.14159    2.93215    48.1968   -19.7644 
  -3.14159    3.14159    47.4812   -40.3845 
  -2.93215    3.14159    27.2876   -33.4075 
  -2.72271    3.14159    11.0069   -36.4832 
  -2.51327    3.14159     1.1304   -41.5437 
  -2.30383    3.14159   -6.34554   -32.6651 
   -2.0944    3.14159   -3.58226   -33.0864 
  -1.88496    3.14159  -0.419332   -34.1543 
  -1.67552    3.14159     7.6113   -36.5452 
  -1.46608    3.14159    1.41663   -39.3967 
  -1.25664    3.14159   -9.89056   -43.7399 
   -1.0472    3.14159   -28.8619    -47.801 
 -0.837758    3.14159   -48.4526   -58.5307 
 -0.628319    3.14159   -61.6989   -67.4248 
 -0.418879    3.14159   -63.2646   -73.0453 
  -0.20944    3.14159   -56.4377   -73.2349 
         0    3.14159   -11.7312     -60.71 
   0.20944    3.14159    56.1398   -23.2366 
  0.418879    3.14159    68.0351   -13.5977 
  0.628319    3.14159    54.3667   -16.4373 
  0.837758    3.14159    28.4861   -22.6546 
    1.0472    3.14159   -6.32455   -25.2494 
   1.25664    3.14159   -37.5184   -28.6165 
   1.46608    3.14159   -54.6703   -30.4345 
   1.67552    3.14159   -61.1314   -34.3279 
   1.88496    3.14159   -43.6111     -40.83 
    2.0944    3.14159   -23.8893   -42.4374 
   2.30383    3.14159    3.99423   -47.2627 
   2.51327    3.14159    44.7232   -49.2856 
   2.72271    3.14159    59.0632   -48.1148 
   2.93215    3.14159    60.2971   -43.0562 
   3.14159    3.14159    47.4812   -40.3845 


