
Iteration: 5000000
Printing out the current Adaptive Biasing Vector Field.
First (Nr of CVs) columns are the coordinates, the next (Nr of CVs) columns are components of the Adaptive Force vector at that point.
The columns are 961 long, mapping out a surface of 31 by 31 points in 2 dimensions.

  -3.14159   -3.14159    47.7224   -40.3737 
  -2.93215   -3.14159    27.0131   -34.1338 
  -2.72271   -3.14159    11.3845   -36.4024 
  -2.51327   -3.14159     1.7115   -41.2302 
  -2.30383   -3.14159   -6.30542   -32.8518 
   -2.0944   -3.14159   -4.22261   -33.1984 
  -1.88496   -3.14159  0.0846208   -34.3898 
  -1.67552   -3.14159    7.44982    -37.104 
  -1.46608   -3.14159   0.558049   -39.4803 
  -1.25664   -3.14159   -9.79792   -43.4807 
   -1.0472   -3.14159   -29.0549    -48.297 
 -0.837758   -3.14159   -48.1998   -57.6605 
 -0.628319   -3.14159   -61.5058   -67.3192 
 -0.418879   -3.14159   -63.7551   -73.8165 
  -0.20944   -3.14159   -55.9006   -73.4745 
         0   -3.14159   -2.99123   -53.6863 
   0.20944   -3.14159    56.7925   -23.0927 
  0.418879   -3.14159    66.9535   -14.0262 
  0.628319   -3.14159    53.7228   -16.4676 
  0.837758   -3.14159    28.0941   -21.8527 
    1.0472   -3.14159   -6.58967   -25.8927 
   1.25664   -3.14159   -38.4469   -30.5293 
   1.46608   -3.14159   -54.0042   -31.0964 
   1.67552   -3.14159   -59.3406     -35.25 
   1.88496   -3.14159   -46.5376   -41.2445 
    2.0944   -3.14159   -23.2353   -41.1039 
   2.30383   -3.14159    6.64045   -50.1394 
   2.51327   -3.14159    43.0339   -50.9355 
   2.72271   -3.14159    57.0196   -47.7861 
   2.93215   -3.14159    59.6316   -43.3613 
   3.14159   -3.14159    47.7224   -40.3737 
  -3.14159   -2.93215    50.3469   -47.1133 
  -2.93215   -2.93215    31.3279   -43.4771 
  -2.72271   -2.93215    16.1266    -45.383 
  -2.51327   -2.93215  -0.828767   -44.3653 
  -2.30383   -2.93215   -8.50157   -39.4366 
   -2.0944   -2.93215  -0.763136   -48.1207 
  -1.88496   -2.93215    4.61136   -39.9427 
  -1.67552   -2.93215     5.3775   -40.2899 
  -1.46608   -2.93215   0.442648   -44.3433 
  -1.25664   -2.93215   -13.5368   -51.5626 
   -1.0472   -2.93215   -30.7499   -57.1365 
 -0.837758   -2.93215    -51.845   -68.8604 
 -0.628319   -2.93215   -70.0038    -77.419 
 -0.418879   -2.93215   -63.7216    -81.148 
  -0.20944   -2.93215   -36.0901   -70.2922 
         0   -2.93215    38.1545   -35.3188 
   0.20944   -2.93215     63.731   -26.2446 
  0.418879   -2.93215     61.826   -19.9226 
  0.628319   -2.93215    49.6423   -18.1763 
  0.837758   -2.93215    22.0965   -24.2768 
    1.0472   -2.93215   -9.29806   -30.3504 
   1.25664   -2.93215   -35.7102   -35.7268 
   1.46608   -2.93215   -56.4966   -32.7597 
   1.67552   -2.93215   -60.5483   -31.1748 
   1.88496   -2.93215    -47.317   -31.2553 
    2.0944   -2.93215   -30.2917   -38.1769 
   2.30383   -2.93215    1.08113    -41.994 
   2.51327   -2.93215     39.087   -50.0698 
   2.72271   -2.93215    64.2825     -59.45 
   2.93215   -2.93215    65.8426   -57.1449 
   3.14159   -2.93215    50.3469   -47.1133 
  -3.14159   -2.72271    56.4056   -41.2801 
  -2.93215   -2.72271    37.6956   -44.0803 
  -2.72271   -2.72271    21.0458   -49.5289 
  -2.51327   -2.72271    7.32102   -45.2934 
  -2.30383   -2.72271   -1.92051   -43.1539 
   -2.0944   -2.72271   -1.41008   -40.6606 
  -1.88496   -2.72271  -0.701866   -44.4554 
  -1.67552   -2.72271    3.51499    -42.457 
  -1.46608   -2.72271   -6.32619   -39.3371 
  -1.25664   -2.72271   -18.7155   -50.5551 
   -1.0472   -2.72271   -43.5287   -55.8576 
 -0.837758   -2.72271   -61.3464   -61.7808 
 -0.628319   -2.72271   -66.5405   -67.5406 
 -0.418879   -2.72271   -50.9753        -61 
  -0.20944   -2.72271   -20.2905   -56.4241 
         0   -2.72271    35.5348   -18.2776 
   0.20944   -2.72271    60.0116   -9.17551 
  0.418879   -2.72271    57.6163   -13.3752 
  0.628319   -2.72271    42.6058   -16.4249 
  0.837758   -2.72271    16.4327   -23.0831 
    1.0472   -2.72271   -14.8951   -28.6883 
   1.25664   -2.72271   -46.1328   -30.6964 
   1.46608   -2.72271   -58.3892   -30.6023 
   1.67552   -2.72271   -62.3092   -27.1117 
   1.88496   -2.72271   -57.7563   -22.1563 
    2.0944   -2.72271   -24.2656   -24.4549 
   2.30383   -2.72271    16.1686   -35.4957 
   2.51327   -2.72271    32.6132    -37.516 
   2.72271   -2.72271    64.5522   -42.4668 
   2.93215   -2.72271    67.9991   -45.8435 
   3.14159   -2.72271    56.4056   -41.2801 
  -3.14159   -2.51327    55.1388   -26.9769 
  -2.93215   -2.51327    45.4311   -34.7189 
  -2.72271   -2.51327    25.9164   -45.2481 
  -2.51327   -2.51327    6.20118   -33.4282 
  -2.30383   -2.51327    1.96844   -29.7492 
   -2.0944   -2.51327   -7.33512   -31.7482 
  -1.88496   -2.51327   -1.95605   -35.3812 
  -1.67552   -2.51327   -3.52416   -39.5767 
  -1.46608   -2.51327   -7.36236   -36.8364 
  -1.25664   -2.51327    -26.321   -42.8678 
   -1.0472   -2.51327   -48.4509    -41.283 
 -0.837758   -2.51327   -62.5607     -41.07 
 -0.628319   -2.51327   -62.9769   -41.2096 
 -0.418879   -2.51327   -43.5708   -10.8239 
  -0.20944   -2.51327    18.7781    18.9468 
         0   -2.51327    49.5387    18.1251 
   0.20944   -2.51327    58.0685    14.0263 
  0.418879   -2.51327    49.9393    0.77853 
  0.628319   -2.51327    34.0949   -12.5415 
  0.837758   -2.51327    10.0513   -21.3728 
    1.0472   -2.51327   -15.2242   -17.8133 
   1.25664   -2.51327   -38.1765    -16.451 
   1.46608   -2.51327   -54.0326   -20.1198 
   1.67552   -2.51327   -62.7215   -3.63741 
   1.88496   -2.51327   -63.3661   -7.94713 
    2.0944   -2.51327   -32.3143   -1.60557 
   2.30383   -2.51327   -5.12208   -4.78103 
   2.51327   -2.51327    41.5014   -26.2308 
   2.72271   -2.51327    52.0228   -15.9419 
   2.93215   -2.51327    67.3913   -26.7035 
   3.14159   -2.51327    55.1388   -26.9769 
  -3.14159   -2.30383    50.1494  -0.386144 
  -2.93215   -2.30383    46.8253   -12.3988 
  -2.72271   -2.30383    19.8083   -22.1991 
  -2.51327   -2.30383     5.6787   -23.9256 
  -2.30383   -2.30383   -2.27799   -19.7371 
   -2.0944   -2.30383  -0.674922   -19.7533 
  -1.88496   -2.30383    2.14675   -14.7551 
  -1.67552   -2.30383    -1.6288   -15.2681 
  -1.46608   -2.30383   -10.2661   -22.1853 
  -1.25664   -2.30383    -28.069    -18.581 
   -1.0472   -2.30383   -43.3721   -10.7711 
 -0.837758   -2.30383     -52.21    -6.4376 
 -0.628319   -2.30383   -37.0151    11.3344 
 -0.418879   -2.30383   -13.7602    32.6767 
  -0.20944   -2.30383    17.9561    40.5023 
         0   -2.30383    37.2064    25.1325 
   0.20944   -2.30383    44.0347    18.2847 
  0.418879   -2.30383    41.9656    9.45644 
  0.628319   -2.30383    29.3206   -2.05481 
  0.837758   -2.30383    7.35191   -10.4821 
    1.0472   -2.30383   -21.2231   -9.21533 
   1.25664   -2.30383   -36.4381   -9.35742 
   1.46608   -2.30383   -54.9641   -6.98502 
   1.67552   -2.30383     -60.63    13.3173 
   1.88496   -2.30383   -54.9524   -3.15314 
    2.0944   -2.30383   -39.6606    1.35037 
   2.30383   -2.30383   -2.40912   -4.89287 
   2.51327   -2.30383    25.5009   -5.83267 
   2.72271   -2.30383    50.6585   -3.63336 
   2.93215   -2.30383    54.3245   -1.81326 
   3.14159   -2.30383    50.1494  -0.386144 
  -3.14159    -2.0944    51.5328    14.9176 
  -2.93215    -2.0944    41.9349    17.4977 
  -2.72271    -2.0944    27.7938   0.309141 
  -2.51327    -2.0944    9.22421    -8.4045 
  -2.30383    -2.0944    2.06106   -4.06157 
   -2.0944    -2.0944    3.17589    2.07248 
  -1.88496    -2.0944   0.600951   -4.78338 
  -1.67552    -2.0944     2.2482    3.41236 
  -1.46608    -2.0944    -5.5037  -0.359161 
  -1.25664    -2.0944   -18.7048    4.68629 
   -1.0472    -2.0944   -30.6537    25.3452 
 -0.837758    -2.0944   -32.1133    32.8407 
 -0.628319    -2.0944   -25.9174    47.8093 
 -0.418879    -2.0944   -5.26446    47.6652 
  -0.20944    -2.0944    19.0344    50.8374 
         0    -2.0944    34.3115    40.1845 
   0.20944    -2.0944    36.9399    25.2343 
  0.418879    -2.0944    30.3809    18.6715 
  0.628319    -2.0944    23.4796     11.556 
  0.837758    -2.0944    7.98856   0.588046 
    1.0472    -2.0944   -13.1739   -2.30803 
   1.25664    -2.0944   -32.5875   -1.53105 
   1.46608    -2.0944   -45.6625    6.83749 
   1.67552    -2.0944    -54.969    15.1101 
   1.88496    -2.0944   -57.7591    22.6651 
    2.0944    -2.0944   -37.0582    7.86187 
   2.30383    -2.0944   -9.08248    2.21887 
   2.51327    -2.0944    26.3259    4.32936 
   2.72271    -2.0944    48.0781    3.78147 
   2.93215    -2.0944    55.2317     11.911 
   3.14159    -2.0944    51.5328    14.9176 
  -3.14159   -1.88496    50.6292    22.7382 
  -2.93215   -1.88496    39.4263    21.2865 
  -2.72271   -1.88496    25.8145    20.0515 
  -2.51327   -1.88496    13.0798    15.3261 
  -2.30383   -1.88496    2.01749    13.7666 
   -2.0944   -1.88496   0.992081    12.6267 
  -1.88496   -1.88496   -1.25148    10.9687 
  -1.67552   -1.88496    -1.8224     12.029 
  -1.46608   -1.88496   -8.62119    15.0549 
  -1.25664   -1.88496   -14.5199    20.1097 
   -1.0472   -1.88496   -26.0624    27.1324 
 -0.837758   -1.88496   -25.2035     42.466 
 -0.628319   -1.88496   -19.3609    46.2417 
 -0.418879   -1.88496   -1.20783    52.3346 
  -0.20944   -1.88496    7.31666      47.67 
         0   -1.88496    13.2858    34.1217 
   0.20944   -1.88496    20.7992    23.9455 
  0.418879   -1.88496    22.6934     16.416 
  0.628319   -1.88496    15.1139    3.16876 
  0.837758   -1.88496    6.89898   -3.59743 
    1.0472   -1.88496   -9.74808   -8.58576 
   1.25664   -1.88496   -29.7558     -2.396 
   1.46608   -1.88496   -41.5472    8.51971 
   1.67552   -1.88496   -46.7032    11.8366 
   1.88496   -1.88496   -44.0621     22.659 
    2.0944   -1.88496   -29.2553    23.9318 
   2.30383   -1.88496   -6.82711     23.014 
   2.51327   -1.88496     18.685    36.0357 
   2.72271   -1.88496    52.2134    19.9061 
   2.93215   -1.88496     55.253    26.2697 
   3.14159   -1.88496    50.6292    22.7382 
  -3.14159   -1.67552    45.0362    30.0527 
  -2.93215   -1.67552    34.2232    23.6894 
  -2.72271   -1.67552    21.9032    31.8845 
  -2.51327   -1.67552    8.97277    21.3218 
  -2.30383   -1.67552    1.46625    20.0457 
   -2.0944   -1.67552  -0.625904    19.7254 
  -1.88496   -1.67552   -1.09703    16.0714 
  -1.67552   -1.67552    2.63539    19.8028 
  -1.46608   -1.67552   -4.55053    17.7197 
  -1.25664   -1.67552   -11.4004    24.3254 
   -1.0472   -1.67552   -17.2698    35.7386 
 -0.837758   -1.67552   -20.5714     41.582 
 -0.628319   -1.67552   -17.0466    41.9372 
 -0.418879   -1.67552   -5.43981    49.0008 
  -0.20944   -1.67552    2.63509    43.4308 
         0   -1.67552    9.66346    29.8149 
   0.20944   -1.67552    13.4607     19.114 
  0.418879   -1.67552    11.4604    1.53092 
  0.628319   -1.67552    4.97759   -12.6601 
  0.837758   -1.67552   0.682622   -18.9778 
    1.0472   -1.67552   -13.0949   -21.1378 
   1.25664   -1.67552   -29.6397    -13.368 
   1.46608   -1.67552   -34.1632   -3.38858 
   1.67552   -1.67552   -41.8281    3.04945 
   1.88496   -1.67552   -39.4701    15.9646 
    2.0944   -1.67552   -38.7483    28.9119 
   2.30383   -1.67552   -14.2778    27.4933 
   2.51327   -1.67552    12.9134    40.6829 
   2.72271   -1.67552    37.1133    43.0452 
   2.93215   -1.67552    47.4797    40.1269 
   3.14159   -1.67552    45.0362    30.0527 
  -3.14159   -1.46608    44.7414    31.8837 
  -2.93215   -1.46608    30.4744    29.9719 
  -2.72271   -1.46608    16.0286    30.7143 
  -2.51327   -1.46608    4.16655    20.5989 
  -2.30383   -1.46608  -0.978499    18.6761 
   -2.0944   -1.46608   -1.22835    20.2825 
  -1.88496   -1.46608    6.75262    23.3381 
  -1.67552   -1.46608    11.2197    25.2214 
  -1.46608   -1.46608    2.40144    22.5255 
  -1.25664   -1.46608    1.27976    37.2697 
   -1.0472   -1.46608   -8.28579    37.7821 
 -0.837758   -1.46608   -11.4335    40.5157 
 -0.628319   -1.46608   -13.4953    42.4847 
 -0.418879   -1.46608    -8.3957    40.5868 
  -0.20944   -1.46608   -5.26375    29.0492 
         0   -1.46608   -2.59202    19.1098 
   0.20944   -1.46608  -0.823605   0.638248 
  0.418879   -1.46608   -3.36573   -15.5984 
  0.628319   -1.46608   -4.49452   -26.3891 
  0.837758   -1.46608   -4.37197    -30.325 
    1.0472   -1.46608   -12.9738   -18.7808 
   1.25664   -1.46608   -25.6709   -11.7279 
   1.46608   -1.46608   -23.1561   -12.9493 
   1.67552   -1.46608   -30.5181    5.46639 
   1.88496   -1.46608   -36.3448    11.3582 
    2.0944   -1.46608   -37.0602    19.7586 
   2.30383   -1.46608   -7.35253    33.8669 
   2.51327   -1.46608    16.2699    40.4741 
   2.72271   -1.46608    41.6371    43.8489 
   2.93215   -1.46608    47.3504     36.959 
   3.14159   -1.46608    44.7414    31.8837 
  -3.14159   -1.25664    47.9406    26.5718 
  -2.93215   -1.25664    28.6143    25.7328 
  -2.72271   -1.25664    16.7084    23.4903 
  -2.51327   -1.25664    4.88311    17.4343 
  -2.30383   -1.25664    -1.7338    15.8385 
   -2.0944   -1.25664    1.84424    14.4167 
  -1.88496   -1.25664    8.90398    18.9253 
  -1.67552   -1.25664    8.77826      20.13 
  -1.46608   -1.25664    4.82716    22.0283 
  -1.25664   -1.25664    5.39567    33.3927 
   -1.0472   -1.25664   -4.49238    34.7127 
 -0.837758   -1.25664   -10.4671    34.5949 
 -0.628319   -1.25664   -12.3326    37.9262 
 -0.418879   -1.25664    -13.557    30.9069 
  -0.20944   -1.25664   -12.5492    14.6117 
         0   -1.25664    -15.647   -5.44279 
   0.20944   -1.25664   -20.9993   -18.6377 
  0.418879   -1.25664   -15.8169   -32.0641 
  0.628319   -1.25664    3.76508   -26.7697 
  0.837758   -1.25664    8.13475   -9.94542 
    1.0472   -1.25664   -6.39182   -4.33346 
   1.25664   -1.25664   -23.3155   -2.03417 
   1.46608   -1.25664   -18.3053   -8.78469 
   1.67552   -1.25664   -17.4152    6.57858 
   1.88496   -1.25664    -30.056    6.37195 
    2.0944   -1.25664   -26.2986     12.756 
   2.30383   -1.25664     1.4055    24.4356 
   2.51327   -1.25664    25.5914    32.9437 
   2.72271   -1.25664    48.6471    36.6571 
   2.93215   -1.25664    50.4057    30.8344 
   3.14159   -1.25664    47.9406    26.5718 
  -3.14159    -1.0472    38.7982    19.8899 
  -2.93215    -1.0472    27.7238    19.9745 
  -2.72271    -1.0472    12.2191    13.9553 
  -2.51327    -1.0472    1.79121     10.352 
  -2.30383    -1.0472   -4.45481    12.5566 
   -2.0944    -1.0472   0.186014     10.299 
  -1.88496    -1.0472    5.12995    16.6268 
  -1.67552    -1.0472    8.02561    19.4865 
  -1.46608    -1.0472    8.92468    19.1862 
  -1.25664    -1.0472    5.40744     23.637 
   -1.0472    -1.0472  -0.863973    26.2627 
 -0.837758    -1.0472   -10.7167    24.2262 
 -0.628319    -1.0472   -18.5963    19.3676 
 -0.418879    -1.0472   -29.9899    4.11506 
  -0.20944    -1.0472   -32.0921   -9.70629 
         0    -1.0472   -36.9531   -27.6155 
   0.20944    -1.0472   -33.3735    -39.904 
  0.418879    -1.0472  -0.210457   -23.2308 
  0.628319    -1.0472    25.5346    -5.3903 
  0.837758    -1.0472    22.9698  -0.126096 
    1.0472    -1.0472    2.59744    2.22602 
   1.25664    -1.0472   -19.2883    3.15516 
   1.46608    -1.0472   -11.0117   -1.23803 
   1.67552    -1.0472   -11.2728  -0.699133 
   1.88496    -1.0472   -23.4424    4.55292 
    2.0944    -1.0472   -23.1073    8.82156 
   2.30383    -1.0472    7.55307    17.5759 
   2.51327    -1.0472    26.9671     26.454 
   2.72271    -1.0472    48.8383     24.775 
   2.93215    -1.0472    52.5242    20.8493 
   3.14159    -1.0472    38.7982    19.8899 
  -3.14159  -0.837758    39.7369    6.05063 
  -2.93215  -0.837758    26.3359    7.74676 
  -2.72271  -0.837758    9.77656    3.33532 
  -2.51327  -0.837758     -2.889    5.99249 
  -2.30383  -0.837758   -5.95929    1.93048 
   -2.0944  -0.837758    5.91858      9.661 
  -1.88496  -0.837758     4.9072      7.864 
  -1.67552  -0.837758    10.8342    10.6252 
  -1.46608  -0.837758    8.35121    9.59643 
  -1.25664  -0.837758    7.76019    13.5523 
   -1.0472  -0.837758    -2.4335     12.161 
 -0.837758  -0.837758   -17.4739     6.1335 
 -0.628319  -0.837758   -27.0114    0.94193 
 -0.418879  -0.837758    -42.829   -17.0333 
  -0.20944  -0.837758   -47.5696   -31.8252 
         0  -0.837758   -35.2387   -33.5956 
   0.20944  -0.837758   -10.0396   -20.1129 
  0.418879  -0.837758     21.232   -8.27073 
  0.628319  -0.837758    36.9401   0.789562 
  0.837758  -0.837758     28.767    2.88429 
    1.0472  -0.837758    7.65824    7.76264 
   1.25664  -0.837758   -15.0613    7.80232 
   1.46608  -0.837758   -9.19526  -0.963553 
   1.67552  -0.837758   -8.84423   -1.31417 
   1.88496  -0.837758   -25.4567  -0.523513 
    2.0944  -0.837758   -18.6962     1.9717 
   2.30383  -0.837758    6.24067   0.843335 
   2.51327  -0.837758    37.9651    6.08938 
   2.72271  -0.837758    48.9782    16.0404 
   2.93215  -0.837758    46.2342    11.4174 
   3.14159  -0.837758    39.7369    6.05063 
  -3.14159  -0.628319    41.6752    -4.6098 
  -2.93215  -0.628319    25.9733   -6.84377 
  -2.72271  -0.628319    12.9584   -4.99407 
  -2.51327  -0.628319   0.716886   -5.33941 
  -2.30383  -0.628319   0.456432   -4.70408 
   -2.0944  -0.628319    2.97869    -3.0444 
  -1.88496  -0.628319    10.0454  -0.671058 
  -1.67552  -0.628319    15.6045   -1.03879 
  -1.46608  -0.628319    11.9731   -3.23735 
  -1.25664  -0.628319    5.97743   -1.21706 
   -1.0472  -0.628319   -6.65953   -3.06748 
 -0.837758  -0.628319   -26.6354   -13.0296 
 -0.628319  -0.628319   -44.4699   -28.1042 
 -0.418879  -0.628319   -59.3752   -41.6239 
  -0.20944  -0.628319   -49.8731   -39.1663 
         0  -0.628319   -20.3984   -20.1872 
   0.20944  -0.628319    10.3166   -8.55043 
  0.418879  -0.628319    37.9923  0.0503994 
  0.628319  -0.628319    43.9263    2.54902 
  0.837758  -0.628319    32.5499    6.96098 
    1.0472  -0.628319    8.15853    10.2784 
   1.25664  -0.628319   -17.9304    13.4268 
   1.46608  -0.628319   -20.3173    10.6705 
   1.67552  -0.628319   -15.5607   0.962779 
   1.88496  -0.628319   -23.7127   -7.51748 
    2.0944  -0.628319   -19.6017   -7.91435 
   2.30383  -0.628319    6.68028   -7.19786 
   2.51327  -0.628319    35.5894   -3.60151 
   2.72271  -0.628319    47.7317    2.37661 
   2.93215  -0.628319    53.8051    -3.2813 
   3.14159  -0.628319    41.6752    -4.6098 
  -3.14159  -0.418879    46.1635   -13.6687 
  -2.93215  -0.418879    30.8747   -13.2256 
  -2.72271  -0.418879    14.3507   -11.4448 
  -2.51327  -0.418879    7.11492   -8.32224 
  -2.30383  -0.418879     8.1353   -7.21677 
   -2.0944  -0.418879    5.27422   -6.29519 
  -1.88496  -0.418879    11.3806   -9.82828 
  -1.67552  -0.418879    11.4269   -8.95773 
  -1.46608  -0.418879    6.78093    -10.858 
  -1.25664  -0.418879   -3.87171   -17.4689 
   -1.0472  -0.418879   -18.7119   -21.7703 
 -0.837758  -0.418879   -40.1072   -35.2992 
 -0.628319  -0.418879   -54.8608   -42.0103 
 -0.418879  -0.418879   -51.4122    -29.746 
  -0.20944  -0.418879    -35.002   -19.8364 
         0  -0.418879   -6.88158   -13.0008 
   0.20944  -0.418879    26.7704    -4.9914 
  0.418879  -0.418879    45.6795  -0.628691 
  0.628319  -0.418879    48.6317    5.96211 
  0.837758  -0.418879    33.0188    10.5851 
    1.0472  -0.418879    8.26354     14.573 
   1.25664  -0.418879   -16.6655    18.0057 
   1.46608  -0.418879   -19.8798     20.733 
   1.67552  -0.418879   -26.4109    4.50665 
   1.88496  -0.418879   -35.6438   -8.00796 
    2.0944  -0.418879   -20.1333   -8.67792 
   2.30383  -0.418879    6.91291   -17.2402 
   2.51327  -0.418879    31.9009   -14.6223 
   2.72271  -0.418879    52.7636   -13.1169 
   2.93215  -0.418879    56.8375   -14.6614 
   3.14159  -0.418879    46.1635   -13.6687 
  -3.14159   -0.20944    43.7875   -16.3238 
  -2.93215   -0.20944    32.0884   -11.4876 
  -2.72271   -0.20944     18.706   -9.52179 
  -2.51327   -0.20944    10.3019   -2.85142 
  -2.30383   -0.20944       8.83    1.97465 
   -2.0944   -0.20944    5.13729   -2.86703 
  -1.88496   -0.20944      8.402   -7.76536 
  -1.67552   -0.20944     4.3271   -7.19854 
  -1.46608   -0.20944    1.80682   -14.6674 
  -1.25664   -0.20944   -8.10214   -23.4944 
   -1.0472   -0.20944    -32.436   -31.9434 
 -0.837758   -0.20944   -46.8322   -34.5459 
 -0.628319   -0.20944   -50.5792   -27.8035 
 -0.418879   -0.20944    -46.141    -20.879 
  -0.20944   -0.20944   -29.8579   -14.0611 
         0   -0.20944    0.99263   -9.18625 
   0.20944   -0.20944    36.1047   -2.04184 
  0.418879   -0.20944    50.3497    2.75713 
  0.628319   -0.20944    48.6813    10.7738 
  0.837758   -0.20944    32.8061    15.4322 
    1.0472   -0.20944    7.30812     17.943 
   1.25664   -0.20944   -16.6811    21.8485 
   1.46608   -0.20944   -24.0015    21.0686 
   1.67552   -0.20944   -36.9274    1.28359 
   1.88496   -0.20944   -44.7472   -6.17348 
    2.0944   -0.20944   -28.3807   -8.27786 
   2.30383   -0.20944   0.990309   -9.99043 
   2.51327   -0.20944    31.7515   -19.1945 
   2.72271   -0.20944    54.5815   -17.4185 
   2.93215   -0.20944    51.9375   -13.7947 
   3.14159   -0.20944    43.7875   -16.3238 
  -3.14159          0    54.7177   -8.00235 
  -2.93215          0    39.2466   -6.17756 
  -2.72271          0    22.2389     4.8236 
  -2.51327          0    9.02009     7.9122 
  -2.30383          0    6.53001    10.4822 
   -2.0944          0    3.82395    4.03946 
  -1.88496          0    3.12964  -0.644692 
  -1.67552          0   0.669084   -5.37212 
  -1.46608          0   -5.29483   -14.1213 
  -1.25664          0   -16.8998   -27.6015 
   -1.0472          0   -36.6068   -29.2569 
 -0.837758          0    -47.442   -26.0443 
 -0.628319          0   -51.8332   -20.9632 
 -0.418879          0   -48.3448   -18.3097 
  -0.20944          0   -27.6116   -11.7136 
         0          0    10.4239   -4.77344 
   0.20944          0    41.6546    1.21111 
  0.418879          0    51.4436    6.23963 
  0.628319          0    46.9879    15.1431 
  0.837758          0    32.5473     20.451 
    1.0472          0    6.39308    24.1415 
   1.25664          0   -17.2086    26.7439 
   1.46608          0   -41.5855    15.8043 
   1.67552          0   -53.8258    3.90745 
   1.88496          0   -58.5551    2.78733 
    2.0944          0   -44.2638  -0.365826 
   2.30383          0   -6.49158   -5.94192 
   2.51327          0    22.3158   -11.7645 
   2.72271          0    49.3576   -11.7638 
   2.93215          0    59.8206   -3.30114 
   3.14159          0    54.7177   -8.00235 
  -3.14159    0.20944    57.9086    3.56959 
  -2.93215    0.20944    40.8903    9.75756 
  -2.72271    0.20944    23.2978     13.795 
  -2.51327    0.20944    9.23506    14.5937 
  -2.30383    0.20944  0.0648759    15.4339 
   -2.0944    0.20944   -0.66258    6.61851 
  -1.88496    0.20944   -1.67757    3.13722 
  -1.67552    0.20944   -10.8908   -8.43448 
  -1.46608    0.20944   -17.7925   -23.3223 
  -1.25664    0.20944   -24.9079   -23.8026 
   -1.0472    0.20944   -36.9687   -19.8759 
 -0.837758    0.20944   -49.7941   -18.3879 
 -0.628319    0.20944   -54.4679   -15.6884 
 -0.418879    0.20944   -46.9767   -12.1472 
  -0.20944    0.20944    -20.184   -6.72069 
         0    0.20944    20.2373    1.81164 
   0.20944    0.20944    42.3888    3.30732 
  0.418879    0.20944    50.3352    11.5384 
  0.628319    0.20944    45.6955    19.8032 
  0.837758    0.20944    29.5436    23.8251 
    1.0472    0.20944    1.87577    27.7171 
   1.25664    0.20944   -30.1902    18.6219 
   1.46608    0.20944   -50.1239    14.0742 
   1.67552    0.20944   -60.5243     6.6104 
   1.88496    0.20944   -66.0366    3.34949 
    2.0944    0.20944   -48.7277   -1.63953 
   2.30383    0.20944   -16.1471   -6.16894 
   2.51327    0.20944    17.9559   -2.75026 
   2.72271    0.20944    54.7839    3.63373 
   2.93215    0.20944    64.9539      10.48 
   3.14159    0.20944    57.9086    3.56959 
  -3.14159   0.418879    57.5736    15.3174 
  -2.93215   0.418879    41.0951     20.046 
  -2.72271   0.418879    22.2746    18.0144 
  -2.51327   0.418879     9.1092    18.0726 
  -2.30383   0.418879    2.25367     12.571 
   -2.0944   0.418879   -1.92856    10.3641 
  -1.88496   0.418879   -12.3398     6.9569 
  -1.67552   0.418879   -24.6618   -7.37224 
  -1.46608   0.418879   -22.2762   -20.0661 
  -1.25664   0.418879   -22.3361   -12.5919 
   -1.0472   0.418879   -38.1827   -10.5042 
 -0.837758   0.418879   -51.9157   -11.9476 
 -0.628319   0.418879   -55.9272   -11.6847 
 -0.418879   0.418879    -42.371   -6.76213 
  -0.20944   0.418879   -10.0541  -0.420143 
         0   0.418879    24.4472    6.71867 
   0.20944   0.418879    43.6257     12.069 
  0.418879   0.418879    51.9169    21.8597 
  0.628319   0.418879    44.5243    26.9185 
  0.837758   0.418879    23.9315    28.5122 
    1.0472   0.418879   -10.5808    19.2178 
   1.25664   0.418879   -37.1851    12.6885 
   1.46608   0.418879   -54.0461    9.24174 
   1.67552   0.418879   -62.4439    7.92014 
   1.88496   0.418879   -62.0288   0.619596 
    2.0944   0.418879   -40.7717    3.06348 
   2.30383   0.418879   -11.6373    1.93387 
   2.51327   0.418879    20.0653    11.1832 
   2.72271   0.418879    56.3727    21.6773 
   2.93215   0.418879    65.8375    23.5624 
   3.14159   0.418879    57.5736    15.3174 
  -3.14159   0.628319    58.3672    20.3653 
  -2.93215   0.628319    39.0822    18.4224 
  -2.72271   0.628319     22.032    18.0465 
  -2.51327   0.628319    7.84807    17.4747 
  -2.30383   0.628319   -4.25025    10.2075 
   -2.0944   0.628319   -9.12213    10.5798 
  -1.88496   0.628319    -19.154    7.36758 
  -1.67552   0.628319    -38.003   -5.89329 
  -1.46608   0.628319   -27.3482   -10.9826 
  -1.25664   0.628319    -21.563   -3.85317 
   -1.0472   0.628319   -38.7387    -3.9583 
 -0.837758   0.628319   -51.5429   -5.77874 
 -0.628319   0.628319   -52.1513   -6.44231 
 -0.418879   0.628319   -33.2907  -0.486474 
  -0.20944   0.628319    1.44027    12.2618 
         0   0.628319    30.1565    17.2736 
   0.20944   0.628319    47.8391    25.3723 
  0.418879   0.628319    56.3467    36.5609 
  0.628319   0.628319    41.7714    33.4304 
  0.837758   0.628319    10.6845    19.4289 
    1.0472   0.628319   -16.5714    11.6899 
   1.25664   0.628319   -41.9277    10.1197 
   1.46608   0.628319   -56.9912    10.3472 
   1.67552   0.628319   -63.3583    8.53166 
   1.88496   0.628319   -56.0363    4.57724 
    2.0944   0.628319   -41.7615    9.29194 
   2.30383   0.628319   -8.63685    15.3456 
   2.51327   0.628319    21.2605    24.9777 
   2.72271   0.628319    46.5078    31.3667 
   2.93215   0.628319    60.3792     24.581 
   3.14159   0.628319    58.3672    20.3653 
  -3.14159   0.837758    58.7369    12.5396 
  -2.93215   0.837758    39.0467    13.4408 
  -2.72271   0.837758    19.6734    15.5697 
  -2.51327   0.837758    8.54392    14.1048 
  -2.30383   0.837758   -2.33793      7.084 
   -2.0944   0.837758   -12.5103    10.6503 
  -1.88496   0.837758   -25.7427     4.8118 
  -1.67552   0.837758   -41.4295    4.38678 
  -1.46608   0.837758   -30.8811    1.55109 
  -1.25664   0.837758   -23.1884    2.39948 
   -1.0472   0.837758   -37.1103    2.17177 
 -0.837758   0.837758   -47.9381   -1.90655 
 -0.628319   0.837758   -41.6257    1.53765 
 -0.418879   0.837758   -19.6419    11.2416 
  -0.20944   0.837758    17.1831    26.7501 
         0   0.837758    45.8058    38.4451 
   0.20944   0.837758    60.2418    43.7766 
  0.418879   0.837758    52.1437    37.0088 
  0.628319   0.837758    26.0236    15.2536 
  0.837758   0.837758    1.45954    5.52097 
    1.0472   0.837758   -25.4056    3.03202 
   1.25664   0.837758   -44.6125    6.72393 
   1.46608   0.837758   -57.6806    8.77055 
   1.67552   0.837758   -66.9873   0.585563 
   1.88496   0.837758   -56.7095   0.163348 
    2.0944   0.837758    -31.696    16.8661 
   2.30383   0.837758    1.36478    25.4705 
   2.51327   0.837758    36.9362    22.7182 
   2.72271   0.837758    62.5035    24.7383 
   2.93215   0.837758    65.7694    15.8135 
   3.14159   0.837758    58.7369    12.5396 
  -3.14159     1.0472    54.0621    6.25234 
  -2.93215     1.0472    37.0748    9.87036 
  -2.72271     1.0472    19.4448    13.3757 
  -2.51327     1.0472    10.8782     9.7944 
  -2.30383     1.0472    0.44273    4.29009 
   -2.0944     1.0472   -8.68835    8.44229 
  -1.88496     1.0472   -24.0007    5.26522 
  -1.67552     1.0472   -40.6197    9.93307 
  -1.46608     1.0472   -38.7503    13.6457 
  -1.25664     1.0472   -21.1843    10.7509 
   -1.0472     1.0472   -31.5775    7.77651 
 -0.837758     1.0472   -40.1806    2.92265 
 -0.628319     1.0472   -29.0071    10.4427 
 -0.418879     1.0472    2.15508    30.9985 
  -0.20944     1.0472    38.2238    48.6273 
         0     1.0472    54.4065    48.1104 
   0.20944     1.0472     46.005     29.083 
  0.418879     1.0472    34.0234    12.5067 
  0.628319     1.0472    13.8973   -3.46762 
  0.837758     1.0472   -1.42859    -3.0742 
    1.0472     1.0472   -25.3881   -2.28994 
   1.25664     1.0472    -47.608   -4.53666 
   1.46608     1.0472   -56.9485   -1.91577 
   1.67552     1.0472   -64.8054   -3.07816 
   1.88496     1.0472   -58.2016   -1.14249 
    2.0944     1.0472    -33.636    11.1727 
   2.30383     1.0472    4.54732    21.0722 
   2.51327     1.0472    37.8784    20.0945 
   2.72271     1.0472    60.0341    13.1866 
   2.93215     1.0472    63.9652    12.8155 
   3.14159     1.0472    54.0621    6.25234 
  -3.14159    1.25664    50.2686  -0.620603 
  -2.93215    1.25664    35.2974  -0.098094 
  -2.72271    1.25664    16.7867     5.0302 
  -2.51327    1.25664    7.42326   0.659776 
  -2.30383    1.25664   0.213555   -1.99346 
   -2.0944    1.25664   -7.47586    7.28148 
  -1.88496    1.25664   -18.9727    4.19439 
  -1.67552    1.25664   -33.3397     13.091 
  -1.46608    1.25664   -34.6886    22.2307 
  -1.25664    1.25664   -15.5589    21.9019 
   -1.0472    1.25664   -24.2298    16.8903 
 -0.837758    1.25664   -24.4841     18.973 
 -0.628319    1.25664    -1.0712    37.3705 
 -0.418879    1.25664    28.8381    55.0658 
  -0.20944    1.25664    33.8777    43.4203 
         0    1.25664     34.052    27.9059 
   0.20944    1.25664    26.7611    6.85888 
  0.418879    1.25664     21.115   -3.90043 
  0.628319    1.25664    10.6803   -11.6171 
  0.837758    1.25664   -7.78503   -13.6109 
    1.0472    1.25664   -25.2201   -8.23683 
   1.25664    1.25664   -43.3182   -5.83422 
   1.46608    1.25664   -62.7491   -12.2788 
   1.67552    1.25664   -58.0582  -0.554042 
   1.88496    1.25664   -52.2249    2.86254 
    2.0944    1.25664   -31.5715     5.3681 
   2.30383    1.25664    11.3418    4.79926 
   2.51327    1.25664      39.93    8.67817 
   2.72271    1.25664    59.6719    12.1257 
   2.93215    1.25664    59.5283    7.40465 
   3.14159    1.25664    50.2686  -0.620603 
  -3.14159    1.46608     52.349   -1.92489 
  -2.93215    1.46608    30.7777   0.329345 
  -2.72271    1.46608     15.646    3.15616 
  -2.51327    1.46608    6.46292    1.05031 
  -2.30383    1.46608   -1.60536   0.515063 
   -2.0944    1.46608   -6.41978     1.9789 
  -1.88496    1.46608   -15.9778    2.87056 
  -1.67552    1.46608   -23.8284    13.2718 
  -1.46608    1.46608   -21.0194    28.3442 
  -1.25664    1.46608   -11.7607    34.9684 
   -1.0472    1.46608   -9.42438    39.4922 
 -0.837758    1.46608   0.798381     47.615 
 -0.628319    1.46608    9.37585    49.6127 
 -0.418879    1.46608    12.9079    39.3081 
  -0.20944    1.46608    13.5888    21.7682 
         0    1.46608    13.3784    6.97555 
   0.20944    1.46608    13.4129   -5.33603 
  0.418879    1.46608    14.7001   -13.5084 
  0.628319    1.46608    7.51049   -18.7909 
  0.837758    1.46608   -5.95742   -20.5274 
    1.0472    1.46608   -17.8321   -9.99293 
   1.25664    1.46608   -36.0476   -7.23567 
   1.46608    1.46608   -49.2354   -10.5857 
   1.67552    1.46608   -53.2709   -4.54952 
   1.88496    1.46608   -37.2045    7.26694 
    2.0944    1.46608   -14.9279    4.87019 
   2.30383    1.46608    11.1087    10.0618 
   2.51327    1.46608    39.9917    6.65864 
   2.72271    1.46608    55.8007    6.48286 
   2.93215    1.46608     57.432    2.05273 
   3.14159    1.46608     52.349   -1.92489 
  -3.14159    1.67552    46.1268  -0.769562 
  -2.93215    1.67552     28.293     3.3473 
  -2.72271    1.67552    12.3908    5.11996 
  -2.51327    1.67552    4.91519    3.66167 
  -2.30383    1.67552  0.0434261    3.07911 
   -2.0944    1.67552   0.943646 -0.0531934 
  -1.88496    1.67552   -5.53815    7.61518 
  -1.67552    1.67552   -10.0473    9.34927 
  -1.46608    1.67552   -6.86819    28.9398 
  -1.25664    1.67552   -4.86846    37.8599 
   -1.0472    1.67552   -1.01771    44.5394 
 -0.837758    1.67552   -4.99904    41.1676 
 -0.628319    1.67552   -5.05135    32.0038 
 -0.418879    1.67552   -4.67326    19.6362 
  -0.20944    1.67552   -5.27364    6.42622 
         0    1.67552   0.448393   -1.35493 
   0.20944    1.67552    6.97553   -9.06383 
  0.418879    1.67552    7.93745   -19.0236 
  0.628319    1.67552    7.41943   -23.4313 
  0.837758    1.67552   -3.12304   -21.4461 
    1.0472    1.67552   -16.1948   -8.88279 
   1.25664    1.67552   -35.4253   -1.36674 
   1.46608    1.67552   -52.9332   -9.09285 
   1.67552    1.67552   -55.9097     1.0964 
   1.88496    1.67552   -44.1628    4.94619 
    2.0944    1.67552    -22.272   0.910606 
   2.30383    1.67552    15.5947    8.15957 
   2.51327    1.67552    39.1503    6.03603 
   2.72271    1.67552      50.49    6.15896 
   2.93215    1.67552    55.7722   -2.26642 
   3.14159    1.67552    46.1268  -0.769562 
  -3.14159    1.88496    44.3287    4.54521 
  -2.93215    1.88496    26.2503    10.2886 
  -2.72271    1.88496    10.3572    5.34415 
  -2.51327    1.88496    3.39881    8.44979 
  -2.30383    1.88496    -4.8847    3.10575 
   -2.0944    1.88496    3.82462    6.61883 
  -1.88496    1.88496    1.84286    6.10731 
  -1.67552    1.88496   -1.37578      7.994 
  -1.46608    1.88496   -1.71088    19.4317 
  -1.25664    1.88496   -5.75089    20.7973 
   -1.0472    1.88496   -6.85864    26.3507 
 -0.837758    1.88496   -11.0987    26.5854 
 -0.628319    1.88496    -11.621    21.3761 
 -0.418879    1.88496   -17.9353    12.8349 
  -0.20944    1.88496   -12.6652    8.49719 
         0    1.88496   -11.7723   -3.56371 
   0.20944    1.88496  -0.154468   -9.91792 
  0.418879    1.88496    4.51928   -17.4505 
  0.628319    1.88496    8.24354   -22.6434 
  0.837758    1.88496    1.93098    -18.094 
    1.0472    1.88496   -10.3117   -3.76311 
   1.25664    1.88496   -31.9018     2.8899 
   1.46608    1.88496   -50.5178    3.92931 
   1.67552    1.88496   -54.6667    7.00705 
   1.88496    1.88496   -42.4948     11.961 
    2.0944    1.88496   -16.4683    11.2815 
   2.30383    1.88496    14.7258     16.462 
   2.51327    1.88496    40.4216    10.3678 
   2.72271    1.88496    52.1362    5.15207 
   2.93215    1.88496    50.0533    7.29991 
   3.14159    1.88496    44.3287    4.54521 
  -3.14159     2.0944    44.5254      9.831 
  -2.93215     2.0944    29.8332    17.5942 
  -2.72271     2.0944    14.3069    12.7681 
  -2.51327     2.0944    2.04479    14.4196 
  -2.30383     2.0944   -1.61837    14.5038 
   -2.0944     2.0944   -1.22852    11.0284 
  -1.88496     2.0944     5.0084    8.53411 
  -1.67552     2.0944    6.36496    7.84231 
  -1.46608     2.0944    2.77628    11.2285 
  -1.25664     2.0944   -3.85477    11.3719 
   -1.0472     2.0944   -7.63104    12.3512 
 -0.837758     2.0944   -18.2453    14.7525 
 -0.628319     2.0944     -23.15    12.0341 
 -0.418879     2.0944   -28.8034    7.67859 
  -0.20944     2.0944   -26.1245    1.32398 
         0     2.0944   -19.2566   -9.92697 
   0.20944     2.0944   -9.40064   -16.2823 
  0.418879     2.0944    3.09951   -22.3553 
  0.628319     2.0944    14.6764   -17.8554 
  0.837758     2.0944    14.2218   -5.10729 
    1.0472     2.0944  -0.488816    6.27128 
   1.25664     2.0944   -24.6696     9.6455 
   1.46608     2.0944   -45.3511    13.3499 
   1.67552     2.0944   -53.2701    14.6211 
   1.88496     2.0944   -46.8098    16.3009 
    2.0944     2.0944    -29.652    16.2826 
   2.30383     2.0944    11.3776    20.0419 
   2.51327     2.0944    41.8705    15.1273 
   2.72271     2.0944    51.4374    15.1202 
   2.93215     2.0944    51.1648    13.2059 
   3.14159     2.0944    44.5254      9.831 
  -3.14159    2.30383    38.5185    16.1365 
  -2.93215    2.30383    26.5218    16.5924 
  -2.72271    2.30383    10.8165     18.664 
  -2.51327    2.30383    1.69071    16.0098 
  -2.30383    2.30383   -1.33935    13.5366 
   -2.0944    2.30383   -2.39801       15.2 
  -1.88496    2.30383    1.96836      9.396 
  -1.67552    2.30383    6.58346    14.1028 
  -1.46608    2.30383     5.9925    10.9191 
  -1.25664    2.30383    1.15734    7.89219 
   -1.0472    2.30383   -11.0665    8.97673 
 -0.837758    2.30383   -17.7681    13.4978 
 -0.628319    2.30383   -28.7855    7.03185 
 -0.418879    2.30383   -31.1381    4.21831 
  -0.20944    2.30383   -31.4353   -7.34092 
         0    2.30383   -25.4108   -12.5707 
   0.20944    2.30383   -10.9557   -14.9439 
  0.418879    2.30383    10.3464   -16.4142 
  0.628319    2.30383    23.6381   -5.71582 
  0.837758    2.30383    25.0082    8.62368 
    1.0472    2.30383    4.75752    14.1948 
   1.25664    2.30383    -23.005     16.462 
   1.46608    2.30383   -43.5958    15.1861 
   1.67552    2.30383   -54.3724    19.2289 
   1.88496    2.30383   -44.7134    14.2879 
    2.0944    2.30383   -19.2748    10.7104 
   2.30383    2.30383    14.5364    12.9955 
   2.51327    2.30383    38.5246    12.4407 
   2.72271    2.30383    51.4019     18.387 
   2.93215    2.30383    50.7616     11.941 
   3.14159    2.30383    38.5185    16.1365 
  -3.14159    2.51327    43.1005    9.10488 
  -2.93215    2.51327    24.2641    10.7641 
  -2.72271    2.51327    9.57833    14.5308 
  -2.51327    2.51327   -0.81921    10.6147 
  -2.30383    2.51327   -5.63442     7.5541 
   -2.0944    2.51327   -3.95626    9.40956 
  -1.88496    2.51327  -0.584543    7.38524 
  -1.67552    2.51327    5.99994    7.49315 
  -1.46608    2.51327    5.27521    4.02636 
  -1.25664    2.51327    3.10297      3.447 
   -1.0472    2.51327   -8.50005    3.36163 
 -0.837758    2.51327   -23.1188   0.296303 
 -0.628319    2.51327   -32.7303    2.86346 
 -0.418879    2.51327   -36.7073   -5.48772 
  -0.20944    2.51327   -38.3936   -12.1608 
         0    2.51327   -32.4687    -21.032 
   0.20944    2.51327   -10.4375   -17.2804 
  0.418879    2.51327    24.2931   -9.69846 
  0.628319    2.51327    38.3955 -0.0648799 
  0.837758    2.51327     32.266    9.68214 
    1.0472    2.51327    4.72505     7.0139 
   1.25664    2.51327    -19.216    12.7048 
   1.46608    2.51327   -44.4035    4.97322 
   1.67552    2.51327    -53.217    8.07981 
   1.88496    2.51327   -46.1731    2.93738 
    2.0944    2.51327   -21.4767    1.42886 
   2.30383    2.51327    15.3952    2.39525 
   2.51327    2.51327    42.4951    8.07566 
   2.72271    2.51327    52.5396    16.0612 
   2.93215    2.51327    53.1234    11.3734 
   3.14159    2.51327    43.1005    9.10488 
  -3.14159    2.72271    44.9737   -6.00478 
  -2.93215    2.72271    28.9795   -6.37338 
  -2.72271    2.72271     13.385   -2.45461 
  -2.51327    2.72271   -1.07305   -3.99493 
  -2.30383    2.72271    -4.2285     -6.257 
   -2.0944    2.72271   -3.40908   -4.12196 
  -1.88496    2.72271    0.32713   -3.77296 
  -1.67552    2.72271    5.52257   -8.17294 
  -1.46608    2.72271    5.27887   -7.83169 
  -1.25664    2.72271   -1.42319   -10.7368 
   -1.0472    2.72271   -12.6041   -11.7664 
 -0.837758    2.72271    -25.858   -13.2506 
 -0.628319    2.72271   -36.9278   -16.7622 
 -0.418879    2.72271   -45.9226    -23.316 
  -0.20944    2.72271    -42.918   -28.4928 
         0    2.72271   -26.6621   -32.1916 
   0.20944    2.72271    17.0423   -18.1373 
  0.418879    2.72271    47.0295   -3.75239 
  0.628319    2.72271    53.1485    5.15458 
  0.837758    2.72271    31.4579   0.235604 
    1.0472    2.72271    3.83356   -4.36854 
   1.25664    2.72271   -25.9759   -5.74063 
   1.46608    2.72271   -49.4445    -8.2009 
   1.67552    2.72271   -51.1732   -7.52964 
   1.88496    2.72271   -45.1225   -14.5636 
    2.0944    2.72271   -16.8237   -20.3073 
   2.30383    2.72271    13.4496   -18.6733 
   2.51327    2.72271    41.0444   -7.25155 
   2.72271    2.72271     55.671   -3.55748 
   2.93215    2.72271    57.6585   -4.98761 
   3.14159    2.72271    44.9737   -6.00478 
  -3.14159    2.93215    47.7592    -20.882 
  -2.93215    2.93215    28.2314   -18.7314 
  -2.72271    2.93215    7.35029   -17.0566 
  -2.51327    2.93215    2.20402   -21.2947 
  -2.30383    2.93215   -3.91135   -21.8311 
   -2.0944    2.93215   -3.15221   -21.1006 
  -1.88496    2.93215  -0.857831   -19.4943 
  -1.67552    2.93215    4.18703   -22.1444 
  -1.46608    2.93215    5.03442   -24.5124 
  -1.25664    2.93215   -7.55456   -28.8659 
   -1.0472    2.93215   -23.3165    -37.943 
 -0.837758    2.93215   -39.6571   -39.0551 
 -0.628319    2.93215   -53.5641   -45.8452 
 -0.418879    2.93215   -57.4889   -51.2692 
  -0.20944    2.93215    -56.952   -60.5991 
         0    2.93215   -28.6825   -55.2997 
   0.20944    2.93215    31.7288   -28.0362 
  0.418879    2.93215    54.3326    -13.716 
  0.628319    2.93215    51.3486   -11.1902 
  0.837758    2.93215    28.2411   -16.5834 
    1.0472    2.93215  -0.922259   -18.0424 
   1.25664    2.93215   -28.5616   -18.7784 
   1.46608    2.93215   -51.3721   -23.4189 
   1.67552    2.93215   -58.9056   -27.1641 
   1.88496    2.93215   -46.3891   -29.7835 
    2.0944    2.93215   -15.8876   -38.4555 
   2.30383    2.93215    12.2949   -33.3552 
   2.51327    2.93215    38.3848   -27.0358 
   2.72271    2.93215    57.5305   -29.9772 
   2.93215    2.93215    59.2947    -27.322 
   3.14159    2.93215    47.7592    -20.882 
  -3.14159    3.14159    47.7224   -40.3737 
  -2.93215    3.14159    27.0131   -34.1338 
  -2.72271    3.14159    11.3845   -36.4024 
  -2.51327    3.14159     1.7115   -41.2302 
  -2.30383    3.14159   -6.30542   -32.8518 
   -2.0944    3.14159   -4.22261   -33.1984 
  -1.88496    3.14159  0.0846208   -34.3898 
  -1.67552    3.14159    7.44982    -37.104 
  -1.46608    3.14159   0.558049   -39.4803 
  -1.25664    3.14159   -9.79792   -43.4807 
   -1.0472    3.14159   -29.0549    -48.297 
 -0.837758    3.14159   -48.1998   -57.6605 
 -0.628319    3.14159   -61.5058   -67.3192 
 -0.418879    3.14159   -63.7551   -73.8165 
  -0.20944    3.14159   -55.9006   -73.4745 
         0    3.14159   -2.99123   -53.6863 
   0.20944    3.14159    56.7925   -23.0927 
  0.418879    3.14159    66.9535   -14.0262 
  0.628319    3.14159    53.7228   -16.4676 
  0.837758    3.14159    28.0941   -21.8527 
    1.0472    3.14159   -6.58967   -25.8927 
   1.25664    3.14159   -38.4469   -30.5293 
   1.46608    3.14159   -54.0042   -31.0964 
   1.67552    3.14159   -59.3406     -35.25 
   1.88496    3.14159   -46.5376   -41.2445 
    2.0944    3.14159   -23.2353   -41.1039 
   2.30383    3.14159    6.64045   -50.1394 
   2.51327    3.14159    43.0339   -50.9355 
   2.72271    3.14159    57.0196   -47.7861 
   2.93215    3.14159    59.6316   -43.3613 
   3.14159    3.14159    47.7224   -40.3737 


