
Iteration: 250000
Printing out the current Adaptive Biasing Vector Field.
First (Nr of CVs) columns are the coordinates, the next (Nr of CVs) columns are components of the Adaptive Force vector at that point.
The columns are 961 long, mapping out a surface of 31 by 31 points in 2 dimensions.

  -3.14159   -3.14159    50.5853   -37.8778 
  -2.93215   -3.14159    26.9332   -30.8126 
  -2.72271   -3.14159    7.63211   -36.2513 
  -2.51327   -3.14159    2.89142   -41.4497 
  -2.30383   -3.14159   -8.95352   -33.7405 
   -2.0944   -3.14159   -5.46851    -25.677 
  -1.88496   -3.14159    1.49404   -30.3125 
  -1.67552   -3.14159    9.68496   -35.4726 
  -1.46608   -3.14159    2.62983   -39.7674 
  -1.25664   -3.14159   -9.26111   -46.0455 
   -1.0472   -3.14159   -32.6995   -45.7673 
 -0.837758   -3.14159   -46.8378    -57.008 
 -0.628319   -3.14159   -64.3419   -69.0426 
 -0.418879   -3.14159   -22.3929   -20.3127 
  -0.20944   -3.14159          0          0 
         0   -3.14159          0          0 
   0.20944   -3.14159          0          0 
  0.418879   -3.14159    10.5186    2.03984 
  0.628319   -3.14159    54.1793   -4.33344 
  0.837758   -3.14159    27.1013   -17.1332 
    1.0472   -3.14159   -3.29792   -23.1887 
   1.25664   -3.14159   -39.9284   -27.5482 
   1.46608   -3.14159   -28.3901   -8.12995 
   1.67552   -3.14159          0          0 
   1.88496   -3.14159          0          0 
    2.0944   -3.14159          0          0 
   2.30383   -3.14159          0          0 
   2.51327   -3.14159          0          0 
   2.72271   -3.14159    1.66258   -1.56665 
   2.93215   -3.14159    23.0593   -17.1064 
   3.14159   -3.14159    50.5853   -37.8778 
  -3.14159   -2.93215    42.8692    -32.151 
  -2.93215   -2.93215    31.5575   -38.6918 
  -2.72271   -2.93215    16.0632   -41.3264 
  -2.51327   -2.93215   -3.37436   -43.8672 
  -2.30383   -2.93215   -13.3708    -34.341 
   -2.0944   -2.93215   -1.28853   -47.6454 
  -1.88496   -2.93215    6.71275   -39.1217 
  -1.67552   -2.93215    3.13116   -36.5663 
  -1.46608   -2.93215   -1.58428    -35.641 
  -1.25664   -2.93215   -9.94291   -51.6664 
   -1.0472   -2.93215   -26.2811   -53.1423 
 -0.837758   -2.93215   -47.1103   -73.2562 
 -0.628319   -2.93215   -13.0523   -15.5177 
 -0.418879   -2.93215  -0.555471  -0.718014 
  -0.20944   -2.93215          0          0 
         0   -2.93215          0          0 
   0.20944   -2.93215          0          0 
  0.418879   -2.93215    3.44591   -2.61099 
  0.628319   -2.93215    20.7251   -8.46852 
  0.837758   -2.93215    14.4821   -34.3441 
    1.0472   -2.93215 -0.0431979   -32.6406 
   1.25664   -2.93215   -27.1946   -35.0199 
   1.46608   -2.93215   -5.43074   -3.03502 
   1.67552   -2.93215          0          0 
   1.88496   -2.93215          0          0 
    2.0944   -2.93215          0          0 
   2.30383   -2.93215          0          0 
   2.51327   -2.93215          0          0 
   2.72271   -2.93215          0          0 
   2.93215   -2.93215    24.3995    -16.257 
   3.14159   -2.93215    42.8692    -32.151 
  -3.14159   -2.72271    11.2222   -8.30908 
  -2.93215   -2.72271    37.3192   -47.4595 
  -2.72271   -2.72271    21.8766   -50.1216 
  -2.51327   -2.72271    9.14529   -41.0568 
  -2.30383   -2.72271   -5.02555    -36.071 
   -2.0944   -2.72271    3.73382   -38.9309 
  -1.88496   -2.72271   -7.08911   -46.4999 
  -1.67552   -2.72271   -4.86842    -43.085 
  -1.46608   -2.72271    3.96692   -33.6067 
  -1.25664   -2.72271   -18.8087   -51.4625 
   -1.0472   -2.72271   -45.1356   -53.2102 
 -0.837758   -2.72271   -4.27297   -5.23585 
 -0.628319   -2.72271          0          0 
 -0.418879   -2.72271          0          0 
  -0.20944   -2.72271          0          0 
         0   -2.72271          0          0 
   0.20944   -2.72271          0          0 
  0.418879   -2.72271          0          0 
  0.628319   -2.72271    10.7441   -5.77936 
  0.837758   -2.72271    14.3497   -26.0612 
    1.0472   -2.72271   -13.7287   -33.4682 
   1.25664   -2.72271   -12.4966   -3.13731 
   1.46608   -2.72271          0          0 
   1.67552   -2.72271          0          0 
   1.88496   -2.72271          0          0 
    2.0944   -2.72271          0          0 
   2.30383   -2.72271          0          0 
   2.51327   -2.72271          0          0 
   2.72271   -2.72271          0          0 
   2.93215   -2.72271          0          0 
   3.14159   -2.72271    11.2222   -8.30908 
  -3.14159   -2.51327    2.06315   -1.37756 
  -2.93215   -2.51327    1.09857   -12.0586 
  -2.72271   -2.51327    20.8126   -43.9809 
  -2.51327   -2.51327    8.21154   -47.7489 
  -2.30383   -2.51327   -7.91844   -29.4052 
   -2.0944   -2.51327   -6.88891   -17.0298 
  -1.88496   -2.51327   -8.34707   -13.8494 
  -1.67552   -2.51327    3.18547   -16.3383 
  -1.46608   -2.51327   0.673168    -14.827 
  -1.25664   -2.51327   -4.62643   -9.40438 
   -1.0472   -2.51327   -2.27542   -2.30136 
 -0.837758   -2.51327          0          0 
 -0.628319   -2.51327          0          0 
 -0.418879   -2.51327          0          0 
  -0.20944   -2.51327          0          0 
         0   -2.51327          0          0 
   0.20944   -2.51327          0          0 
  0.418879   -2.51327   0.275431  0.0401833 
  0.628319   -2.51327    2.94567    -1.4534 
  0.837758   -2.51327    3.23603   -5.99686 
    1.0472   -2.51327  0.0721147   -1.83667 
   1.25664   -2.51327          0          0 
   1.46608   -2.51327          0          0 
   1.67552   -2.51327          0          0 
   1.88496   -2.51327          0          0 
    2.0944   -2.51327          0          0 
   2.30383   -2.51327          0          0 
   2.51327   -2.51327          0          0 
   2.72271   -2.51327          0          0 
   2.93215   -2.51327          0          0 
   3.14159   -2.51327    2.06315   -1.37756 
  -3.14159   -2.30383          0          0 
  -2.93215   -2.30383          0          0 
  -2.72271   -2.30383    2.17257   -1.01907 
  -2.51327   -2.30383   -1.19593   -8.03067 
  -2.30383   -2.30383    1.23926   -9.96134 
   -2.0944   -2.30383   -3.54182   -8.94802 
  -1.88496   -2.30383  -0.984568   -2.72344 
  -1.67552   -2.30383          0          0 
  -1.46608   -2.30383          0          0 
  -1.25664   -2.30383          0          0 
   -1.0472   -2.30383          0          0 
 -0.837758   -2.30383          0          0 
 -0.628319   -2.30383          0          0 
 -0.418879   -2.30383          0          0 
  -0.20944   -2.30383          0          0 
         0   -2.30383          0          0 
   0.20944   -2.30383          0          0 
  0.418879   -2.30383   0.200497  0.0416021 
  0.628319   -2.30383   0.100943  -0.170507 
  0.837758   -2.30383  -0.198887   -2.46338 
    1.0472   -2.30383  -0.537167    -1.1418 
   1.25664   -2.30383          0          0 
   1.46608   -2.30383          0          0 
   1.67552   -2.30383          0          0 
   1.88496   -2.30383          0          0 
    2.0944   -2.30383          0          0 
   2.30383   -2.30383          0          0 
   2.51327   -2.30383          0          0 
   2.72271   -2.30383          0          0 
   2.93215   -2.30383          0          0 
   3.14159   -2.30383          0          0 
  -3.14159    -2.0944          0          0 
  -2.93215    -2.0944          0          0 
  -2.72271    -2.0944  -0.473198   -2.58031 
  -2.51327    -2.0944          0          0 
  -2.30383    -2.0944          0          0 
   -2.0944    -2.0944          0          0 
  -1.88496    -2.0944          0          0 
  -1.67552    -2.0944          0          0 
  -1.46608    -2.0944          0          0 
  -1.25664    -2.0944          0          0 
   -1.0472    -2.0944          0          0 
 -0.837758    -2.0944          0          0 
 -0.628319    -2.0944          0          0 
 -0.418879    -2.0944          0          0 
  -0.20944    -2.0944          0          0 
         0    -2.0944          0          0 
   0.20944    -2.0944          0          0 
  0.418879    -2.0944          0          0 
  0.628319    -2.0944   0.317154  -0.665526 
  0.837758    -2.0944  -0.725362   -1.33432 
    1.0472    -2.0944          0          0 
   1.25664    -2.0944          0          0 
   1.46608    -2.0944          0          0 
   1.67552    -2.0944          0          0 
   1.88496    -2.0944          0          0 
    2.0944    -2.0944          0          0 
   2.30383    -2.0944          0          0 
   2.51327    -2.0944          0          0 
   2.72271    -2.0944          0          0 
   2.93215    -2.0944          0          0 
   3.14159    -2.0944          0          0 
  -3.14159   -1.88496          0          0 
  -2.93215   -1.88496          0          0 
  -2.72271   -1.88496          0          0 
  -2.51327   -1.88496          0          0 
  -2.30383   -1.88496          0          0 
   -2.0944   -1.88496          0          0 
  -1.88496   -1.88496          0          0 
  -1.67552   -1.88496          0          0 
  -1.46608   -1.88496          0          0 
  -1.25664   -1.88496          0          0 
   -1.0472   -1.88496          0          0 
 -0.837758   -1.88496          0          0 
 -0.628319   -1.88496          0          0 
 -0.418879   -1.88496          0          0 
  -0.20944   -1.88496          0          0 
         0   -1.88496          0          0 
   0.20944   -1.88496          0          0 
  0.418879   -1.88496          0          0 
  0.628319   -1.88496          0          0 
  0.837758   -1.88496          0          0 
    1.0472   -1.88496          0          0 
   1.25664   -1.88496          0          0 
   1.46608   -1.88496          0          0 
   1.67552   -1.88496          0          0 
   1.88496   -1.88496          0          0 
    2.0944   -1.88496          0          0 
   2.30383   -1.88496          0          0 
   2.51327   -1.88496          0          0 
   2.72271   -1.88496          0          0 
   2.93215   -1.88496          0          0 
   3.14159   -1.88496          0          0 
  -3.14159   -1.67552          0          0 
  -2.93215   -1.67552          0          0 
  -2.72271   -1.67552          0          0 
  -2.51327   -1.67552    0.11994 -0.0679788 
  -2.30383   -1.67552   -1.36569    6.46146 
   -2.0944   -1.67552   -1.11757    1.73907 
  -1.88496   -1.67552          0          0 
  -1.67552   -1.67552          0          0 
  -1.46608   -1.67552          0          0 
  -1.25664   -1.67552          0          0 
   -1.0472   -1.67552          0          0 
 -0.837758   -1.67552          0          0 
 -0.628319   -1.67552          0          0 
 -0.418879   -1.67552          0          0 
  -0.20944   -1.67552          0          0 
         0   -1.67552          0          0 
   0.20944   -1.67552          0          0 
  0.418879   -1.67552          0          0 
  0.628319   -1.67552          0          0 
  0.837758   -1.67552          0          0 
    1.0472   -1.67552          0          0 
   1.25664   -1.67552          0          0 
   1.46608   -1.67552          0          0 
   1.67552   -1.67552          0          0 
   1.88496   -1.67552          0          0 
    2.0944   -1.67552          0          0 
   2.30383   -1.67552          0          0 
   2.51327   -1.67552          0          0 
   2.72271   -1.67552          0          0 
   2.93215   -1.67552          0          0 
   3.14159   -1.67552          0          0 
  -3.14159   -1.46608          0          0 
  -2.93215   -1.46608          0          0 
  -2.72271   -1.46608    1.19669    2.89891 
  -2.51327   -1.46608  -0.209352    9.57869 
  -2.30383   -1.46608   -1.18643  -0.598156 
   -2.0944   -1.46608    1.86344     3.3796 
  -1.88496   -1.46608   -2.50856    5.16489 
  -1.67552   -1.46608    2.91827    4.48421 
  -1.46608   -1.46608  -0.599124    3.39323 
  -1.25664   -1.46608    2.15033    7.10111 
   -1.0472   -1.46608    1.75442    9.91967 
 -0.837758   -1.46608    -5.5633    12.6769 
 -0.628319   -1.46608   -1.50986    1.76201 
 -0.418879   -1.46608   0.116688   0.640173 
  -0.20944   -1.46608          0          0 
         0   -1.46608          0          0 
   0.20944   -1.46608          0          0 
  0.418879   -1.46608          0          0 
  0.628319   -1.46608          0          0 
  0.837758   -1.46608          0          0 
    1.0472   -1.46608          0          0 
   1.25664   -1.46608          0          0 
   1.46608   -1.46608          0          0 
   1.67552   -1.46608          0          0 
   1.88496   -1.46608          0          0 
    2.0944   -1.46608          0          0 
   2.30383   -1.46608          0          0 
   2.51327   -1.46608          0          0 
   2.72271   -1.46608          0          0 
   2.93215   -1.46608          0          0 
   3.14159   -1.46608          0          0 
  -3.14159   -1.25664          0          0 
  -2.93215   -1.25664    3.07703    3.51998 
  -2.72271   -1.25664    7.29316   0.375895 
  -2.51327   -1.25664  -0.976643   -1.74144 
  -2.30383   -1.25664   -7.19871    1.66207 
   -2.0944   -1.25664    5.07281    3.65328 
  -1.88496   -1.25664    9.87788    14.6866 
  -1.67552   -1.25664   -6.95085    6.83301 
  -1.46608   -1.25664    4.68122    8.89545 
  -1.25664   -1.25664    3.63726    34.6425 
   -1.0472   -1.25664    1.01267    31.5885 
 -0.837758   -1.25664   -16.6727    27.3287 
 -0.628319   -1.25664   -7.42909    17.3564 
 -0.418879   -1.25664  -0.553639    3.49962 
  -0.20944   -1.25664          0          0 
         0   -1.25664          0          0 
   0.20944   -1.25664          0          0 
  0.418879   -1.25664          0          0 
  0.628319   -1.25664          0          0 
  0.837758   -1.25664          0          0 
    1.0472   -1.25664          0          0 
   1.25664   -1.25664          0          0 
   1.46608   -1.25664          0          0 
   1.67552   -1.25664          0          0 
   1.88496   -1.25664          0          0 
    2.0944   -1.25664          0          0 
   2.30383   -1.25664          0          0 
   2.51327   -1.25664          0          0 
   2.72271   -1.25664          0          0 
   2.93215   -1.25664          0          0 
   3.14159   -1.25664          0          0 
  -3.14159    -1.0472          0          0 
  -2.93215    -1.0472    5.29501      7.028 
  -2.72271    -1.0472    8.25082    7.32843 
  -2.51327    -1.0472    9.50734    10.4784 
  -2.30383    -1.0472  -0.067981    17.1899 
   -2.0944    -1.0472   0.671739    7.07008 
  -1.88496    -1.0472     9.5844     8.4944 
  -1.67552    -1.0472    1.52856    18.7428 
  -1.46608    -1.0472     9.5947    14.8758 
  -1.25664    -1.0472    7.41504    29.1474 
   -1.0472    -1.0472    1.97061    33.0996 
 -0.837758    -1.0472   -10.1081    25.2474 
 -0.628319    -1.0472   -18.6613    21.6952 
 -0.418879    -1.0472   -13.6575   -1.71171 
  -0.20944    -1.0472          0          0 
         0    -1.0472          0          0 
   0.20944    -1.0472          0          0 
  0.418879    -1.0472          0          0 
  0.628319    -1.0472          0          0 
  0.837758    -1.0472          0          0 
    1.0472    -1.0472          0          0 
   1.25664    -1.0472          0          0 
   1.46608    -1.0472          0          0 
   1.67552    -1.0472          0          0 
   1.88496    -1.0472          0          0 
    2.0944    -1.0472          0          0 
   2.30383    -1.0472          0          0 
   2.51327    -1.0472          0          0 
   2.72271    -1.0472          0          0 
   2.93215    -1.0472          0          0 
   3.14159    -1.0472          0          0 
  -3.14159  -0.837758    4.59911   0.840453 
  -2.93215  -0.837758    14.6957     1.3284 
  -2.72271  -0.837758    4.29522   0.877816 
  -2.51327  -0.837758    -9.0633    3.92891 
  -2.30383  -0.837758   -6.12811   -1.37012 
   -2.0944  -0.837758    3.24935    7.13762 
  -1.88496  -0.837758    1.93499    11.1729 
  -1.67552  -0.837758    9.31576    10.7089 
  -1.46608  -0.837758    12.7236    7.09652 
  -1.25664  -0.837758     12.505    13.2447 
   -1.0472  -0.837758   -2.15192    15.0678 
 -0.837758  -0.837758    -18.539    10.5799 
 -0.628319  -0.837758   -22.5218    4.01843 
 -0.418879  -0.837758    -2.6966   0.411449 
  -0.20944  -0.837758          0          0 
         0  -0.837758          0          0 
   0.20944  -0.837758          0          0 
  0.418879  -0.837758          0          0 
  0.628319  -0.837758          0          0 
  0.837758  -0.837758          0          0 
    1.0472  -0.837758          0          0 
   1.25664  -0.837758          0          0 
   1.46608  -0.837758          0          0 
   1.67552  -0.837758          0          0 
   1.88496  -0.837758          0          0 
    2.0944  -0.837758          0          0 
   2.30383  -0.837758          0          0 
   2.51327  -0.837758          0          0 
   2.72271  -0.837758          0          0 
   2.93215  -0.837758   0.319853   0.850817 
   3.14159  -0.837758    4.59911   0.840453 
  -3.14159  -0.628319    1.86505   -2.21795 
  -2.93215  -0.628319    13.5718   -3.29572 
  -2.72271  -0.628319    7.99453   -7.87255 
  -2.51327  -0.628319    1.41737      -11.6 
  -2.30383  -0.628319     1.1366   -6.67311 
   -2.0944  -0.628319     2.3602   -3.74653 
  -1.88496  -0.628319    8.73233   -4.80678 
  -1.67552  -0.628319    17.0679   0.493837 
  -1.46608  -0.628319    22.4705   -2.84819 
  -1.25664  -0.628319    10.5237   -3.37311 
   -1.0472  -0.628319   -2.15448    4.16379 
 -0.837758  -0.628319   -31.4227   -10.0663 
 -0.628319  -0.628319   -30.4504   -19.3934 
 -0.418879  -0.628319          0          0 
  -0.20944  -0.628319          0          0 
         0  -0.628319          0          0 
   0.20944  -0.628319          0          0 
  0.418879  -0.628319          0          0 
  0.628319  -0.628319          0          0 
  0.837758  -0.628319          0          0 
    1.0472  -0.628319          0          0 
   1.25664  -0.628319          0          0 
   1.46608  -0.628319          0          0 
   1.67552  -0.628319          0          0 
   1.88496  -0.628319          0          0 
    2.0944  -0.628319          0          0 
   2.30383  -0.628319          0          0 
   2.51327  -0.628319          0          0 
   2.72271  -0.628319          0          0 
   2.93215  -0.628319    0.62321   -1.30195 
   3.14159  -0.628319    1.86505   -2.21795 
  -3.14159  -0.418879   0.174397  0.0620365 
  -2.93215  -0.418879    5.90778  -0.490033 
  -2.72271  -0.418879    6.69503   -4.34713 
  -2.51327  -0.418879    3.29729   -5.15646 
  -2.30383  -0.418879    12.0555  -0.778564 
   -2.0944  -0.418879    2.81572   -6.24057 
  -1.88496  -0.418879    17.5109   -12.7522 
  -1.67552  -0.418879    12.7365   -10.1684 
  -1.46608  -0.418879     10.518   -10.8537 
  -1.25664  -0.418879   -5.35741    -20.788 
   -1.0472  -0.418879   -16.5173   -22.6926 
 -0.837758  -0.418879   -42.4952   -36.9423 
 -0.628319  -0.418879   -6.55855   -7.00708 
 -0.418879  -0.418879          0          0 
  -0.20944  -0.418879          0          0 
         0  -0.418879          0          0 
   0.20944  -0.418879          0          0 
  0.418879  -0.418879          0          0 
  0.628319  -0.418879          0          0 
  0.837758  -0.418879          0          0 
    1.0472  -0.418879          0          0 
   1.25664  -0.418879          0          0 
   1.46608  -0.418879          0          0 
   1.67552  -0.418879          0          0 
   1.88496  -0.418879          0          0 
    2.0944  -0.418879          0          0 
   2.30383  -0.418879          0          0 
   2.51327  -0.418879          0          0 
   2.72271  -0.418879          0          0 
   2.93215  -0.418879          0          0 
   3.14159  -0.418879   0.174397  0.0620365 
  -3.14159   -0.20944   0.173075   -1.13402 
  -2.93215   -0.20944    1.98923   -1.75947 
  -2.72271   -0.20944    11.6269  -0.707377 
  -2.51327   -0.20944    17.9664   -1.09802 
  -2.30383   -0.20944    8.02087    12.5008 
   -2.0944   -0.20944    0.37764    15.4021 
  -1.88496   -0.20944    5.83236   -4.23805 
  -1.67552   -0.20944    1.10216   -7.68677 
  -1.46608   -0.20944    12.7387   -12.1704 
  -1.25664   -0.20944   -8.77701   -21.8634 
   -1.0472   -0.20944   -43.3367   -40.7585 
 -0.837758   -0.20944   -10.3862   -11.4586 
 -0.628319   -0.20944          0          0 
 -0.418879   -0.20944          0          0 
  -0.20944   -0.20944          0          0 
         0   -0.20944          0          0 
   0.20944   -0.20944          0          0 
  0.418879   -0.20944          0          0 
  0.628319   -0.20944          0          0 
  0.837758   -0.20944          0          0 
    1.0472   -0.20944          0          0 
   1.25664   -0.20944          0          0 
   1.46608   -0.20944          0          0 
   1.67552   -0.20944          0          0 
   1.88496   -0.20944          0          0 
    2.0944   -0.20944          0          0 
   2.30383   -0.20944          0          0 
   2.51327   -0.20944          0          0 
   2.72271   -0.20944          0          0 
   2.93215   -0.20944          0          0 
   3.14159   -0.20944   0.173075   -1.13402 
  -3.14159          0          0          0 
  -2.93215          0    5.82263    2.14849 
  -2.72271          0    8.58249    9.84183 
  -2.51327          0    11.3619    9.04397 
  -2.30383          0    1.10614    9.33157 
   -2.0944          0    12.2636    7.65001 
  -1.88496          0   -3.37255    7.85863 
  -1.67552          0    2.27005    4.59418 
  -1.46608          0    6.71531    -10.261 
  -1.25664          0   -17.7072   -34.5154 
   -1.0472          0   -14.9937   -13.2051 
 -0.837758          0   -0.25608   -0.84162 
 -0.628319          0          0          0 
 -0.418879          0          0          0 
  -0.20944          0          0          0 
         0          0          0          0 
   0.20944          0          0          0 
  0.418879          0          0          0 
  0.628319          0          0          0 
  0.837758          0          0          0 
    1.0472          0          0          0 
   1.25664          0          0          0 
   1.46608          0          0          0 
   1.67552          0          0          0 
   1.88496          0          0          0 
    2.0944          0          0          0 
   2.30383          0          0          0 
   2.51327          0          0          0 
   2.72271          0          0          0 
   2.93215          0          0          0 
   3.14159          0          0          0 
  -3.14159    0.20944          0          0 
  -2.93215    0.20944     10.695    3.80973 
  -2.72271    0.20944    25.1017    21.2877 
  -2.51327    0.20944    7.64169    9.04543 
  -2.30383    0.20944    4.01724    13.2877 
   -2.0944    0.20944  -0.772308     8.0759 
  -1.88496    0.20944   -9.08113     3.1218 
  -1.67552    0.20944     -17.16   -7.71456 
  -1.46608    0.20944   -17.9209   -31.0998 
  -1.25664    0.20944   -11.9474   -21.7342 
   -1.0472    0.20944          0          0 
 -0.837758    0.20944          0          0 
 -0.628319    0.20944          0          0 
 -0.418879    0.20944          0          0 
  -0.20944    0.20944          0          0 
         0    0.20944          0          0 
   0.20944    0.20944          0          0 
  0.418879    0.20944          0          0 
  0.628319    0.20944          0          0 
  0.837758    0.20944    5.29056    4.83986 
    1.0472    0.20944   -2.89104    2.48205 
   1.25664    0.20944    -4.1821    2.18108 
   1.46608    0.20944          0          0 
   1.67552    0.20944          0          0 
   1.88496    0.20944          0          0 
    2.0944    0.20944          0          0 
   2.30383    0.20944          0          0 
   2.51327    0.20944          0          0 
   2.72271    0.20944          0          0 
   2.93215    0.20944          0          0 
   3.14159    0.20944          0          0 
  -3.14159   0.418879          0          0 
  -2.93215   0.418879    16.2187  -0.837654 
  -2.72271   0.418879    19.7959    17.5167 
  -2.51327   0.418879    5.09095    13.8631 
  -2.30383   0.418879    4.81954    12.7436 
   -2.0944   0.418879    1.24981    6.45297 
  -1.88496   0.418879    -10.634    14.7111 
  -1.67552   0.418879   -19.4726   -20.4766 
  -1.46608   0.418879   -6.89788   -3.98602 
  -1.25664   0.418879   -2.36332   -0.56724 
   -1.0472   0.418879          0          0 
 -0.837758   0.418879          0          0 
 -0.628319   0.418879          0          0 
 -0.418879   0.418879          0          0 
  -0.20944   0.418879          0          0 
         0   0.418879          0          0 
   0.20944   0.418879          0          0 
  0.418879   0.418879          0          0 
  0.628319   0.418879     5.1525    5.48906 
  0.837758   0.418879    15.7901    31.9032 
    1.0472   0.418879   -4.19466    16.5436 
   1.25664   0.418879   -20.0574    2.69779 
   1.46608   0.418879   -4.56748   -1.30188 
   1.67552   0.418879          0          0 
   1.88496   0.418879          0          0 
    2.0944   0.418879          0          0 
   2.30383   0.418879          0          0 
   2.51327   0.418879          0          0 
   2.72271   0.418879          0          0 
   2.93215   0.418879          0          0 
   3.14159   0.418879          0          0 
  -3.14159   0.628319    3.21753    3.18954 
  -2.93215   0.628319    37.1064     18.074 
  -2.72271   0.628319    22.6469    13.2581 
  -2.51327   0.628319    11.0823    18.5418 
  -2.30383   0.628319   -6.04756    8.85244 
   -2.0944   0.628319   -9.70017    13.0091 
  -1.88496   0.628319   -19.1644    14.1387 
  -1.67552   0.628319   -40.5988    1.55776 
  -1.46608   0.628319   -10.6959   -1.09999 
  -1.25664   0.628319          0          0 
   -1.0472   0.628319          0          0 
 -0.837758   0.628319          0          0 
 -0.628319   0.628319          0          0 
 -0.418879   0.628319          0          0 
  -0.20944   0.628319          0          0 
         0   0.628319          0          0 
   0.20944   0.628319    0.43947   0.356059 
  0.418879   0.628319    9.14358     9.8676 
  0.628319   0.628319     28.597    22.0614 
  0.837758   0.628319    8.93246    15.7608 
    1.0472   0.628319   -14.3696    16.3562 
   1.25664   0.628319    -42.659     7.8347 
   1.46608   0.628319   -5.04328    1.40489 
   1.67552   0.628319          0          0 
   1.88496   0.628319          0          0 
    2.0944   0.628319          0          0 
   2.30383   0.628319          0          0 
   2.51327   0.628319          0          0 
   2.72271   0.628319          0          0 
   2.93215   0.628319          0          0 
   3.14159   0.628319    3.21753    3.18954 
  -3.14159   0.837758    15.7431    3.53779 
  -2.93215   0.837758    33.9829    11.1174 
  -2.72271   0.837758    27.0122    18.3475 
  -2.51327   0.837758    9.13667    20.8103 
  -2.30383   0.837758  -0.764537    7.45452 
   -2.0944   0.837758   -5.64142    10.4966 
  -1.88496   0.837758   -25.2791    1.36161 
  -1.67552   0.837758    -42.813   -3.87504 
  -1.46608   0.837758   -15.2142     1.6081 
  -1.25664   0.837758   -1.30059 0.000708311 
   -1.0472   0.837758          0          0 
 -0.837758   0.837758          0          0 
 -0.628319   0.837758          0          0 
 -0.418879   0.837758          0          0 
  -0.20944   0.837758          0          0 
         0   0.837758          0          0 
   0.20944   0.837758    6.71952    3.36168 
  0.418879   0.837758    46.9295    37.4818 
  0.628319   0.837758    22.6953    16.2906 
  0.837758   0.837758    3.17093 -0.0327018 
    1.0472   0.837758   -30.5239   -6.54012 
   1.25664   0.837758   -45.0619    -2.0784 
   1.46608   0.837758   -7.24153   -1.28096 
   1.67552   0.837758   0.242414    1.30806 
   1.88496   0.837758          0          0 
    2.0944   0.837758          0          0 
   2.30383   0.837758          0          0 
   2.51327   0.837758          0          0 
   2.72271   0.837758          0          0 
   2.93215   0.837758          0          0 
   3.14159   0.837758    15.7431    3.53779 
  -3.14159     1.0472    15.6363  -0.224092 
  -2.93215     1.0472    33.5818    12.4804 
  -2.72271     1.0472    23.9954    19.6875 
  -2.51327     1.0472    13.2645    11.8505 
  -2.30383     1.0472    2.50558    4.04643 
   -2.0944     1.0472    -12.711     7.3388 
  -1.88496     1.0472   -22.0459    2.37603 
  -1.67552     1.0472   -35.3277    2.49541 
  -1.46608     1.0472   -15.6726    3.28814 
  -1.25664     1.0472  -0.591362    2.46461 
   -1.0472     1.0472          0          0 
 -0.837758     1.0472          0          0 
 -0.628319     1.0472          0          0 
 -0.418879     1.0472          0          0 
  -0.20944     1.0472          0          0 
         0     1.0472    4.04007    2.36019 
   0.20944     1.0472    39.9928    15.1311 
  0.418879     1.0472    30.3704    7.12322 
  0.628319     1.0472    11.2383   -6.22682 
  0.837758     1.0472    6.09678   -1.25092 
    1.0472     1.0472   -24.3142   -3.03862 
   1.25664     1.0472   -50.3962    -8.1034 
   1.46608     1.0472   -14.1132   -4.60625 
   1.67552     1.0472   -2.87664   -1.16569 
   1.88496     1.0472          0          0 
    2.0944     1.0472          0          0 
   2.30383     1.0472          0          0 
   2.51327     1.0472          0          0 
   2.72271     1.0472          0          0 
   2.93215     1.0472    1.40541  -0.277059 
   3.14159     1.0472    15.6363  -0.224092 
  -3.14159    1.25664    11.7995   -2.08365 
  -2.93215    1.25664    27.3707   -4.03818 
  -2.72271    1.25664    27.0382    2.06933 
  -2.51327    1.25664    6.73466   -1.52954 
  -2.30383    1.25664    3.33519    1.29687 
   -2.0944    1.25664   -5.11659    9.93004 
  -1.88496    1.25664   -19.9347     5.1159 
  -1.67552    1.25664    -24.137    17.3178 
  -1.46608    1.25664   -21.6408    15.2333 
  -1.25664    1.25664   -1.98409    3.35519 
   -1.0472    1.25664 -0.0956557   0.256855 
 -0.837758    1.25664    1.07965    3.39344 
 -0.628319    1.25664          0          0 
 -0.418879    1.25664   0.380238    0.92186 
  -0.20944    1.25664    4.06241    2.56261 
         0    1.25664    24.6276    16.7745 
   0.20944    1.25664    27.0935    7.10303 
  0.418879    1.25664    16.8282   -5.31048 
  0.628319    1.25664    4.29606    -14.713 
  0.837758    1.25664   -6.90423   -11.3197 
    1.0472    1.25664   -23.1307   -3.32743 
   1.25664    1.25664   -43.4818   -3.28402 
   1.46608    1.25664   -18.5025   0.836499 
   1.67552    1.25664          0          0 
   1.88496    1.25664          0          0 
    2.0944    1.25664          0          0 
   2.30383    1.25664          0          0 
   2.51327    1.25664          0          0 
   2.72271    1.25664          0          0 
   2.93215    1.25664          0          0 
   3.14159    1.25664    11.7995   -2.08365 
  -3.14159    1.46608    2.72144   0.137564 
  -2.93215    1.46608     33.961   -9.31205 
  -2.72271    1.46608    17.5299    6.35858 
  -2.51327    1.46608    9.07502    1.59159 
  -2.30383    1.46608   0.805719   -3.24164 
   -2.0944    1.46608   -6.68984    1.33829 
  -1.88496    1.46608    -15.077    7.29379 
  -1.67552    1.46608   -23.7279    15.4404 
  -1.46608    1.46608   -26.3411    27.5457 
  -1.25664    1.46608    -3.1892    24.2881 
   -1.0472    1.46608    1.43718     24.883 
 -0.837758    1.46608    4.65417    26.1604 
 -0.628319    1.46608     3.8023    11.6993 
 -0.418879    1.46608   -4.89068    12.4522 
  -0.20944    1.46608    14.4709    17.8741 
         0    1.46608    12.5186    3.09974 
   0.20944    1.46608    18.5304   -4.31364 
  0.418879    1.46608     13.047   -15.1191 
  0.628319    1.46608     4.2969   -18.6855 
  0.837758    1.46608   -4.12287   -17.6829 
    1.0472    1.46608   -11.5552   -3.46548 
   1.25664    1.46608   -27.5581    3.01626 
   1.46608    1.46608   -13.1671   -1.52045 
   1.67552    1.46608          0          0 
   1.88496    1.46608          0          0 
    2.0944    1.46608          0          0 
   2.30383    1.46608          0          0 
   2.51327    1.46608          0          0 
   2.72271    1.46608          0          0 
   2.93215    1.46608          0          0 
   3.14159    1.46608    2.72144   0.137564 
  -3.14159    1.67552          0          0 
  -2.93215    1.67552    18.5951    17.1606 
  -2.72271    1.67552     15.159    11.9057 
  -2.51327    1.67552    7.93247    7.21189 
  -2.30383    1.67552   -2.78396    5.15181 
   -2.0944    1.67552   -1.76481  -0.122581 
  -1.88496    1.67552   -4.21749    13.0217 
  -1.67552    1.67552   -9.07192    4.67434 
  -1.46608    1.67552   -6.83487    22.1805 
  -1.25664    1.67552   -12.0612    32.0349 
   -1.0472    1.67552    0.28768    40.2788 
 -0.837758    1.67552   -3.53081    43.7506 
 -0.628319    1.67552   -6.35274    26.9622 
 -0.418879    1.67552   -4.69181    21.1903 
  -0.20944    1.67552   -6.53437    11.0109 
         0    1.67552   -3.75327    12.2307 
   0.20944    1.67552    5.55971   -3.76981 
  0.418879    1.67552    12.1578   -11.8869 
  0.628319    1.67552    11.6598   -15.5136 
  0.837758    1.67552   -7.91429   -28.2007 
    1.0472    1.67552   -15.9324   -15.8321 
   1.25664    1.67552   -38.7283   -8.79399 
   1.46608    1.67552   -16.4836   -5.90082 
   1.67552    1.67552  -0.465555     0.1495 
   1.88496    1.67552          0          0 
    2.0944    1.67552          0          0 
   2.30383    1.67552          0          0 
   2.51327    1.67552          0          0 
   2.72271    1.67552          0          0 
   2.93215    1.67552          0          0 
   3.14159    1.67552          0          0 
  -3.14159    1.88496    6.34137    0.79312 
  -2.93215    1.88496    21.8012    11.6708 
  -2.72271    1.88496    13.6499    2.59796 
  -2.51327    1.88496    11.8176    9.00573 
  -2.30383    1.88496   -2.01297    2.91756 
   -2.0944    1.88496     7.1643    8.83927 
  -1.88496    1.88496   -1.24968    9.50657 
  -1.67552    1.88496   -3.40715    7.32258 
  -1.46608    1.88496   -3.09408    18.6909 
  -1.25664    1.88496   -8.77313    14.3236 
   -1.0472    1.88496   -4.62342    27.7441 
 -0.837758    1.88496   -11.5559    29.6502 
 -0.628319    1.88496     -17.31    17.8987 
 -0.418879    1.88496   -18.6376    12.2209 
  -0.20944    1.88496   -13.4414    12.3756 
         0    1.88496   -10.7157   -2.61786 
   0.20944    1.88496   -7.41373   -16.2078 
  0.418879    1.88496    3.15299   -21.0854 
  0.628319    1.88496    12.2331   -20.3271 
  0.837758    1.88496    1.56106   -21.7837 
    1.0472    1.88496   -8.32538    5.22205 
   1.25664    1.88496   -24.9736    13.6341 
   1.46608    1.88496   -15.9075   0.172136 
   1.67552    1.88496   -3.49445   -1.38937 
   1.88496    1.88496          0          0 
    2.0944    1.88496          0          0 
   2.30383    1.88496          0          0 
   2.51327    1.88496          0          0 
   2.72271    1.88496          0          0 
   2.93215    1.88496          0          0 
   3.14159    1.88496    6.34137    0.79312 
  -3.14159     2.0944    14.7858    11.9683 
  -2.93215     2.0944    39.3436    20.0535 
  -2.72271     2.0944    17.6327    13.3119 
  -2.51327     2.0944    2.65183    17.4162 
  -2.30383     2.0944    1.83696    12.1276 
   -2.0944     2.0944  -0.836952    8.51102 
  -1.88496     2.0944   -1.32974    4.73116 
  -1.67552     2.0944    4.98361    7.44836 
  -1.46608     2.0944    1.79405    8.02641 
  -1.25664     2.0944   -3.26706    11.6356 
   -1.0472     2.0944   -6.63442    14.8458 
 -0.837758     2.0944   -21.7792    15.2333 
 -0.628319     2.0944   -29.2908   -1.09367 
 -0.418879     2.0944   -24.4753    6.54443 
  -0.20944     2.0944   -33.0211    1.13463 
         0     2.0944   -19.7124    -7.9429 
   0.20944     2.0944   -22.7661   -16.9462 
  0.418879     2.0944    12.0982   -10.9932 
  0.628319     2.0944    13.1085   -20.1305 
  0.837758     2.0944    11.1675   -6.08149 
    1.0472     2.0944   0.734009    7.32271 
   1.25664     2.0944   -24.4249     16.045 
   1.46608     2.0944   -23.2563   -4.16218 
   1.67552     2.0944          0          0 
   1.88496     2.0944          0          0 
    2.0944     2.0944          0          0 
   2.30383     2.0944          0          0 
   2.51327     2.0944          0          0 
   2.72271     2.0944          0          0 
   2.93215     2.0944          0          0 
   3.14159     2.0944    14.7858    11.9683 
  -3.14159    2.30383     32.688    16.1626 
  -2.93215    2.30383    29.1595    27.1533 
  -2.72271    2.30383    11.5246    22.2061 
  -2.51327    2.30383    2.40599    20.4906 
  -2.30383    2.30383   -3.37644    15.3567 
   -2.0944    2.30383   -6.59299    15.0228 
  -1.88496    2.30383    2.31627    7.77814 
  -1.67552    2.30383    8.31316    15.4969 
  -1.46608    2.30383    4.68956     14.462 
  -1.25664    2.30383   0.822966    8.43294 
   -1.0472    2.30383   -9.59404    6.08663 
 -0.837758    2.30383   -20.6339    18.1446 
 -0.628319    2.30383   -23.3325    12.0774 
 -0.418879    2.30383   -29.9426     9.5758 
  -0.20944    2.30383   -28.3628   -4.35754 
         0    2.30383   -30.7684   -7.68519 
   0.20944    2.30383  -0.980239   -2.07921 
  0.418879    2.30383    2.77726   -1.94389 
  0.628319    2.30383     38.433    1.46114 
  0.837758    2.30383    24.9764    9.00259 
    1.0472    2.30383    4.44749    13.2721 
   1.25664    2.30383   -28.1871    13.3658 
   1.46608    2.30383   -17.3717    2.78974 
   1.67552    2.30383          0          0 
   1.88496    2.30383          0          0 
    2.0944    2.30383          0          0 
   2.30383    2.30383          0          0 
   2.51327    2.30383          0          0 
   2.72271    2.30383          0          0 
   2.93215    2.30383    14.7886  -0.272384 
   3.14159    2.30383     32.688    16.1626 
  -3.14159    2.51327     49.182    9.60814 
  -2.93215    2.51327    27.1622     13.672 
  -2.72271    2.51327    12.2401    14.3985 
  -2.51327    2.51327   -2.01802     10.456 
  -2.30383    2.51327    -6.1404    5.30959 
   -2.0944    2.51327   -6.51177    10.9538 
  -1.88496    2.51327   -1.60393    6.71274 
  -1.67552    2.51327    5.90728    7.06656 
  -1.46608    2.51327    3.83662    2.40517 
  -1.25664    2.51327    5.74148    3.38325 
   -1.0472    2.51327    -10.862    6.32885 
 -0.837758    2.51327   -23.3349  -0.533344 
 -0.628319    2.51327   -31.4193    7.84719 
 -0.418879    2.51327   -36.5054    2.83255 
  -0.20944    2.51327   -39.9158   -8.01566 
         0    2.51327   -21.0889  -0.600257 
   0.20944    2.51327          0          0 
  0.418879    2.51327    2.23376  -0.127101 
  0.628319    2.51327    21.0592   -5.06058 
  0.837758    2.51327    31.6694    12.4401 
    1.0472    2.51327    4.20602    3.05588 
   1.25664    2.51327   -17.2211    19.6381 
   1.46608    2.51327   -31.3235    8.57679 
   1.67552    2.51327   -5.65718    2.54602 
   1.88496    2.51327          0          0 
    2.0944    2.51327          0          0 
   2.30383    2.51327          0          0 
   2.51327    2.51327          0          0 
   2.72271    2.51327    8.60716     10.358 
   2.93215    2.51327    41.2273    16.3134 
   3.14159    2.51327     49.182    9.60814 
  -3.14159    2.72271      49.38   -9.93751 
  -2.93215    2.72271    27.8236    -5.6513 
  -2.72271    2.72271    14.8009   -1.99928 
  -2.51327    2.72271   -3.70685   -6.13577 
  -2.30383    2.72271   -1.83361   -7.98384 
   -2.0944    2.72271   -2.58727   -6.56399 
  -1.88496    2.72271   -1.96995   -6.71429 
  -1.67552    2.72271    6.08705   -7.14194 
  -1.46608    2.72271    6.41743   -7.15141 
  -1.25664    2.72271   -1.39192   -9.99205 
   -1.0472    2.72271   -10.8241   -9.93407 
 -0.837758    2.72271   -22.8672   -12.0782 
 -0.628319    2.72271   -32.3887   -13.8794 
 -0.418879    2.72271   -47.3269    -25.317 
  -0.20944    2.72271   -50.8666   -29.9111 
         0    2.72271    -2.3291   -1.40995 
   0.20944    2.72271          0          0 
  0.418879    2.72271    1.19268  -0.967491 
  0.628319    2.72271    38.2031    3.99762 
  0.837758    2.72271    26.8166   -5.37824 
    1.0472    2.72271     5.7199   -2.22943 
   1.25664    2.72271   -23.9957    2.61036 
   1.46608    2.72271   -44.2237   0.763026 
   1.67552    2.72271  0.0142826  -0.324496 
   1.88496    2.72271          0          0 
    2.0944    2.72271          0          0 
   2.30383    2.72271          0          0 
   2.51327    2.72271    1.78747    1.22052 
   2.72271    2.72271    36.2264    5.51946 
   2.93215    2.72271    57.4684  -0.845689 
   3.14159    2.72271      49.38   -9.93751 
  -3.14159    2.93215    54.0906   -16.6008 
  -2.93215    2.93215    24.6332   -16.0547 
  -2.72271    2.93215    6.73192   -16.6818 
  -2.51327    2.93215    1.10973   -21.1994 
  -2.30383    2.93215   -7.55528   -22.7303 
   -2.0944    2.93215   -3.83475   -21.0047 
  -1.88496    2.93215   0.455153    -18.157 
  -1.67552    2.93215    5.50687   -22.3709 
  -1.46608    2.93215    6.67299   -24.3635 
  -1.25664    2.93215   -5.81706   -27.4863 
   -1.0472    2.93215   -20.9324   -38.5972 
 -0.837758    2.93215   -39.5327   -44.0548 
 -0.628319    2.93215   -54.4388   -48.0619 
 -0.418879    2.93215   -61.9336   -52.6184 
  -0.20944    2.93215   -11.0696   -9.45836 
         0    2.93215          0          0 
   0.20944    2.93215          0          0 
  0.418879    2.93215    2.96005  -0.225858 
  0.628319    2.93215     48.235    2.97638 
  0.837758    2.93215    25.1285   -13.1625 
    1.0472    2.93215    3.52039   -16.9138 
   1.25664    2.93215   -22.3877    -17.288 
   1.46608    2.93215   -59.4339   -14.7841 
   1.67552    2.93215    -3.2766  -0.408023 
   1.88496    2.93215          0          0 
    2.0944    2.93215          0          0 
   2.30383    2.93215          0          0 
   2.51327    2.93215          0          0 
   2.72271    2.93215    15.7702   -7.19362 
   2.93215    2.93215    52.8484   -23.8142 
   3.14159    2.93215    54.0906   -16.6008 
  -3.14159    3.14159    50.5853   -37.8778 
  -2.93215    3.14159    26.9332   -30.8126 
  -2.72271    3.14159    7.63211   -36.2513 
  -2.51327    3.14159    2.89142   -41.4497 
  -2.30383    3.14159   -8.95352   -33.7405 
   -2.0944    3.14159   -5.46851    -25.677 
  -1.88496    3.14159    1.49404   -30.3125 
  -1.67552    3.14159    9.68496   -35.4726 
  -1.46608    3.14159    2.62983   -39.7674 
  -1.25664    3.14159   -9.26111   -46.0455 
   -1.0472    3.14159   -32.6995   -45.7673 
 -0.837758    3.14159   -46.8378    -57.008 
 -0.628319    3.14159   -64.3419   -69.0426 
 -0.418879    3.14159   -22.3929   -20.3127 
  -0.20944    3.14159          0          0 
         0    3.14159          0          0 
   0.20944    3.14159          0          0 
  0.418879    3.14159    10.5186    2.03984 
  0.628319    3.14159    54.1793   -4.33344 
  0.837758    3.14159    27.1013   -17.1332 
    1.0472    3.14159   -3.29792   -23.1887 
   1.25664    3.14159   -39.9284   -27.5482 
   1.46608    3.14159   -28.3901   -8.12995 
   1.67552    3.14159          0          0 
   1.88496    3.14159          0          0 
    2.0944    3.14159          0          0 
   2.30383    3.14159          0          0 
   2.51327    3.14159          0          0 
   2.72271    3.14159    1.66258   -1.56665 
   2.93215    3.14159    23.0593   -17.1064 
   3.14159    3.14159    50.5853   -37.8778 


