
Iteration: 50000
Printing out the current Adaptive Biasing Vector Field.
First (Nr of CVs) columns are the coordinates, the next (Nr of CVs) columns are components of the Adaptive Force vector at that point.
The columns are 961 long, mapping out a surface of 31 by 31 points in 2 dimensions.

  -3.14159   -3.14159    3.65678    -6.1578 
  -2.93215   -3.14159    25.9962   -39.4248 
  -2.72271   -3.14159    4.10167   -39.4102 
  -2.51327   -3.14159    2.17223   -44.6307 
  -2.30383   -3.14159   -7.26824    -22.021 
   -2.0944   -3.14159   -3.06563   -8.32927 
  -1.88496   -3.14159   -1.89646   -5.39168 
  -1.67552   -3.14159     22.322   -24.4826 
  -1.46608   -3.14159    2.00718   -33.8022 
  -1.25664   -3.14159    -9.1429   -43.1656 
   -1.0472   -3.14159   -36.3538   -44.1226 
 -0.837758   -3.14159   -21.6301   -26.8015 
 -0.628319   -3.14159          0          0 
 -0.418879   -3.14159          0          0 
  -0.20944   -3.14159          0          0 
         0   -3.14159          0          0 
   0.20944   -3.14159          0          0 
  0.418879   -3.14159          0          0 
  0.628319   -3.14159          0          0 
  0.837758   -3.14159          0          0 
    1.0472   -3.14159          0          0 
   1.25664   -3.14159          0          0 
   1.46608   -3.14159          0          0 
   1.67552   -3.14159          0          0 
   1.88496   -3.14159          0          0 
    2.0944   -3.14159          0          0 
   2.30383   -3.14159          0          0 
   2.51327   -3.14159          0          0 
   2.72271   -3.14159          0          0 
   2.93215   -3.14159    1.15289  -0.843351 
   3.14159   -3.14159    3.65678    -6.1578 
  -3.14159   -2.93215          0          0 
  -2.93215   -2.93215     3.8067   -7.31736 
  -2.72271   -2.93215    5.56548    -16.495 
  -2.51327   -2.93215   -5.41071   -28.5226 
  -2.30383   -2.93215    -8.5077   -10.9307 
   -2.0944   -2.93215    2.51061   -2.07166 
  -1.88496   -2.93215    3.95238   -11.5135 
  -1.67552   -2.93215    1.51306   -3.68159 
  -1.46608   -2.93215   -1.92676   -14.6071 
  -1.25664   -2.93215   -7.17809   -35.3704 
   -1.0472   -2.93215   -3.80312   -4.45279 
 -0.837758   -2.93215  -0.619063   -1.08045 
 -0.628319   -2.93215          0          0 
 -0.418879   -2.93215          0          0 
  -0.20944   -2.93215          0          0 
         0   -2.93215          0          0 
   0.20944   -2.93215          0          0 
  0.418879   -2.93215          0          0 
  0.628319   -2.93215          0          0 
  0.837758   -2.93215          0          0 
    1.0472   -2.93215          0          0 
   1.25664   -2.93215          0          0 
   1.46608   -2.93215          0          0 
   1.67552   -2.93215          0          0 
   1.88496   -2.93215          0          0 
    2.0944   -2.93215          0          0 
   2.30383   -2.93215          0          0 
   2.51327   -2.93215          0          0 
   2.72271   -2.93215          0          0 
   2.93215   -2.93215          0          0 
   3.14159   -2.93215          0          0 
  -3.14159   -2.72271          0          0 
  -2.93215   -2.72271          0          0 
  -2.72271   -2.72271          0          0 
  -2.51327   -2.72271    4.77919   -5.73475 
  -2.30383   -2.72271   -1.78046   0.437734 
   -2.0944   -2.72271          0          0 
  -1.88496   -2.72271          0          0 
  -1.67552   -2.72271          0          0 
  -1.46608   -2.72271          0          0 
  -1.25664   -2.72271          0          0 
   -1.0472   -2.72271          0          0 
 -0.837758   -2.72271          0          0 
 -0.628319   -2.72271          0          0 
 -0.418879   -2.72271          0          0 
  -0.20944   -2.72271          0          0 
         0   -2.72271          0          0 
   0.20944   -2.72271          0          0 
  0.418879   -2.72271          0          0 
  0.628319   -2.72271          0          0 
  0.837758   -2.72271          0          0 
    1.0472   -2.72271          0          0 
   1.25664   -2.72271          0          0 
   1.46608   -2.72271          0          0 
   1.67552   -2.72271          0          0 
   1.88496   -2.72271          0          0 
    2.0944   -2.72271          0          0 
   2.30383   -2.72271          0          0 
   2.51327   -2.72271          0          0 
   2.72271   -2.72271          0          0 
   2.93215   -2.72271          0          0 
   3.14159   -2.72271          0          0 
  -3.14159   -2.51327          0          0 
  -2.93215   -2.51327          0          0 
  -2.72271   -2.51327          0          0 
  -2.51327   -2.51327          0          0 
  -2.30383   -2.51327          0          0 
   -2.0944   -2.51327          0          0 
  -1.88496   -2.51327          0          0 
  -1.67552   -2.51327          0          0 
  -1.46608   -2.51327          0          0 
  -1.25664   -2.51327          0          0 
   -1.0472   -2.51327          0          0 
 -0.837758   -2.51327          0          0 
 -0.628319   -2.51327          0          0 
 -0.418879   -2.51327          0          0 
  -0.20944   -2.51327          0          0 
         0   -2.51327          0          0 
   0.20944   -2.51327          0          0 
  0.418879   -2.51327          0          0 
  0.628319   -2.51327          0          0 
  0.837758   -2.51327          0          0 
    1.0472   -2.51327          0          0 
   1.25664   -2.51327          0          0 
   1.46608   -2.51327          0          0 
   1.67552   -2.51327          0          0 
   1.88496   -2.51327          0          0 
    2.0944   -2.51327          0          0 
   2.30383   -2.51327          0          0 
   2.51327   -2.51327          0          0 
   2.72271   -2.51327          0          0 
   2.93215   -2.51327          0          0 
   3.14159   -2.51327          0          0 
  -3.14159   -2.30383          0          0 
  -2.93215   -2.30383          0          0 
  -2.72271   -2.30383          0          0 
  -2.51327   -2.30383          0          0 
  -2.30383   -2.30383          0          0 
   -2.0944   -2.30383          0          0 
  -1.88496   -2.30383          0          0 
  -1.67552   -2.30383          0          0 
  -1.46608   -2.30383          0          0 
  -1.25664   -2.30383          0          0 
   -1.0472   -2.30383          0          0 
 -0.837758   -2.30383          0          0 
 -0.628319   -2.30383          0          0 
 -0.418879   -2.30383          0          0 
  -0.20944   -2.30383          0          0 
         0   -2.30383          0          0 
   0.20944   -2.30383          0          0 
  0.418879   -2.30383          0          0 
  0.628319   -2.30383          0          0 
  0.837758   -2.30383          0          0 
    1.0472   -2.30383          0          0 
   1.25664   -2.30383          0          0 
   1.46608   -2.30383          0          0 
   1.67552   -2.30383          0          0 
   1.88496   -2.30383          0          0 
    2.0944   -2.30383          0          0 
   2.30383   -2.30383          0          0 
   2.51327   -2.30383          0          0 
   2.72271   -2.30383          0          0 
   2.93215   -2.30383          0          0 
   3.14159   -2.30383          0          0 
  -3.14159    -2.0944          0          0 
  -2.93215    -2.0944          0          0 
  -2.72271    -2.0944          0          0 
  -2.51327    -2.0944          0          0 
  -2.30383    -2.0944          0          0 
   -2.0944    -2.0944          0          0 
  -1.88496    -2.0944          0          0 
  -1.67552    -2.0944          0          0 
  -1.46608    -2.0944          0          0 
  -1.25664    -2.0944          0          0 
   -1.0472    -2.0944          0          0 
 -0.837758    -2.0944          0          0 
 -0.628319    -2.0944          0          0 
 -0.418879    -2.0944          0          0 
  -0.20944    -2.0944          0          0 
         0    -2.0944          0          0 
   0.20944    -2.0944          0          0 
  0.418879    -2.0944          0          0 
  0.628319    -2.0944          0          0 
  0.837758    -2.0944          0          0 
    1.0472    -2.0944          0          0 
   1.25664    -2.0944          0          0 
   1.46608    -2.0944          0          0 
   1.67552    -2.0944          0          0 
   1.88496    -2.0944          0          0 
    2.0944    -2.0944          0          0 
   2.30383    -2.0944          0          0 
   2.51327    -2.0944          0          0 
   2.72271    -2.0944          0          0 
   2.93215    -2.0944          0          0 
   3.14159    -2.0944          0          0 
  -3.14159   -1.88496          0          0 
  -2.93215   -1.88496          0          0 
  -2.72271   -1.88496          0          0 
  -2.51327   -1.88496          0          0 
  -2.30383   -1.88496          0          0 
   -2.0944   -1.88496          0          0 
  -1.88496   -1.88496          0          0 
  -1.67552   -1.88496          0          0 
  -1.46608   -1.88496          0          0 
  -1.25664   -1.88496          0          0 
   -1.0472   -1.88496          0          0 
 -0.837758   -1.88496          0          0 
 -0.628319   -1.88496          0          0 
 -0.418879   -1.88496          0          0 
  -0.20944   -1.88496          0          0 
         0   -1.88496          0          0 
   0.20944   -1.88496          0          0 
  0.418879   -1.88496          0          0 
  0.628319   -1.88496          0          0 
  0.837758   -1.88496          0          0 
    1.0472   -1.88496          0          0 
   1.25664   -1.88496          0          0 
   1.46608   -1.88496          0          0 
   1.67552   -1.88496          0          0 
   1.88496   -1.88496          0          0 
    2.0944   -1.88496          0          0 
   2.30383   -1.88496          0          0 
   2.51327   -1.88496          0          0 
   2.72271   -1.88496          0          0 
   2.93215   -1.88496          0          0 
   3.14159   -1.88496          0          0 
  -3.14159   -1.67552          0          0 
  -2.93215   -1.67552          0          0 
  -2.72271   -1.67552          0          0 
  -2.51327   -1.67552          0          0 
  -2.30383   -1.67552          0          0 
   -2.0944   -1.67552          0          0 
  -1.88496   -1.67552          0          0 
  -1.67552   -1.67552          0          0 
  -1.46608   -1.67552          0          0 
  -1.25664   -1.67552          0          0 
   -1.0472   -1.67552          0          0 
 -0.837758   -1.67552          0          0 
 -0.628319   -1.67552          0          0 
 -0.418879   -1.67552          0          0 
  -0.20944   -1.67552          0          0 
         0   -1.67552          0          0 
   0.20944   -1.67552          0          0 
  0.418879   -1.67552          0          0 
  0.628319   -1.67552          0          0 
  0.837758   -1.67552          0          0 
    1.0472   -1.67552          0          0 
   1.25664   -1.67552          0          0 
   1.46608   -1.67552          0          0 
   1.67552   -1.67552          0          0 
   1.88496   -1.67552          0          0 
    2.0944   -1.67552          0          0 
   2.30383   -1.67552          0          0 
   2.51327   -1.67552          0          0 
   2.72271   -1.67552          0          0 
   2.93215   -1.67552          0          0 
   3.14159   -1.67552          0          0 
  -3.14159   -1.46608          0          0 
  -2.93215   -1.46608          0          0 
  -2.72271   -1.46608          0          0 
  -2.51327   -1.46608          0          0 
  -2.30383   -1.46608          0          0 
   -2.0944   -1.46608          0          0 
  -1.88496   -1.46608          0          0 
  -1.67552   -1.46608          0          0 
  -1.46608   -1.46608          0          0 
  -1.25664   -1.46608          0          0 
   -1.0472   -1.46608          0          0 
 -0.837758   -1.46608          0          0 
 -0.628319   -1.46608          0          0 
 -0.418879   -1.46608          0          0 
  -0.20944   -1.46608          0          0 
         0   -1.46608          0          0 
   0.20944   -1.46608          0          0 
  0.418879   -1.46608          0          0 
  0.628319   -1.46608          0          0 
  0.837758   -1.46608          0          0 
    1.0472   -1.46608          0          0 
   1.25664   -1.46608          0          0 
   1.46608   -1.46608          0          0 
   1.67552   -1.46608          0          0 
   1.88496   -1.46608          0          0 
    2.0944   -1.46608          0          0 
   2.30383   -1.46608          0          0 
   2.51327   -1.46608          0          0 
   2.72271   -1.46608          0          0 
   2.93215   -1.46608          0          0 
   3.14159   -1.46608          0          0 
  -3.14159   -1.25664          0          0 
  -2.93215   -1.25664          0          0 
  -2.72271   -1.25664          0          0 
  -2.51327   -1.25664          0          0 
  -2.30383   -1.25664          0          0 
   -2.0944   -1.25664          0          0 
  -1.88496   -1.25664          0          0 
  -1.67552   -1.25664          0          0 
  -1.46608   -1.25664          0          0 
  -1.25664   -1.25664          0          0 
   -1.0472   -1.25664          0          0 
 -0.837758   -1.25664          0          0 
 -0.628319   -1.25664          0          0 
 -0.418879   -1.25664          0          0 
  -0.20944   -1.25664          0          0 
         0   -1.25664          0          0 
   0.20944   -1.25664          0          0 
  0.418879   -1.25664          0          0 
  0.628319   -1.25664          0          0 
  0.837758   -1.25664          0          0 
    1.0472   -1.25664          0          0 
   1.25664   -1.25664          0          0 
   1.46608   -1.25664          0          0 
   1.67552   -1.25664          0          0 
   1.88496   -1.25664          0          0 
    2.0944   -1.25664          0          0 
   2.30383   -1.25664          0          0 
   2.51327   -1.25664          0          0 
   2.72271   -1.25664          0          0 
   2.93215   -1.25664          0          0 
   3.14159   -1.25664          0          0 
  -3.14159    -1.0472          0          0 
  -2.93215    -1.0472          0          0 
  -2.72271    -1.0472          0          0 
  -2.51327    -1.0472          0          0 
  -2.30383    -1.0472          0          0 
   -2.0944    -1.0472          0          0 
  -1.88496    -1.0472          0          0 
  -1.67552    -1.0472          0          0 
  -1.46608    -1.0472          0          0 
  -1.25664    -1.0472          0          0 
   -1.0472    -1.0472          0          0 
 -0.837758    -1.0472          0          0 
 -0.628319    -1.0472          0          0 
 -0.418879    -1.0472          0          0 
  -0.20944    -1.0472          0          0 
         0    -1.0472          0          0 
   0.20944    -1.0472          0          0 
  0.418879    -1.0472          0          0 
  0.628319    -1.0472          0          0 
  0.837758    -1.0472          0          0 
    1.0472    -1.0472          0          0 
   1.25664    -1.0472          0          0 
   1.46608    -1.0472          0          0 
   1.67552    -1.0472          0          0 
   1.88496    -1.0472          0          0 
    2.0944    -1.0472          0          0 
   2.30383    -1.0472          0          0 
   2.51327    -1.0472          0          0 
   2.72271    -1.0472          0          0 
   2.93215    -1.0472          0          0 
   3.14159    -1.0472          0          0 
  -3.14159  -0.837758          0          0 
  -2.93215  -0.837758          0          0 
  -2.72271  -0.837758          0          0 
  -2.51327  -0.837758          0          0 
  -2.30383  -0.837758          0          0 
   -2.0944  -0.837758          0          0 
  -1.88496  -0.837758          0          0 
  -1.67552  -0.837758          0          0 
  -1.46608  -0.837758          0          0 
  -1.25664  -0.837758          0          0 
   -1.0472  -0.837758          0          0 
 -0.837758  -0.837758          0          0 
 -0.628319  -0.837758          0          0 
 -0.418879  -0.837758          0          0 
  -0.20944  -0.837758          0          0 
         0  -0.837758          0          0 
   0.20944  -0.837758          0          0 
  0.418879  -0.837758          0          0 
  0.628319  -0.837758          0          0 
  0.837758  -0.837758          0          0 
    1.0472  -0.837758          0          0 
   1.25664  -0.837758          0          0 
   1.46608  -0.837758          0          0 
   1.67552  -0.837758          0          0 
   1.88496  -0.837758          0          0 
    2.0944  -0.837758          0          0 
   2.30383  -0.837758          0          0 
   2.51327  -0.837758          0          0 
   2.72271  -0.837758          0          0 
   2.93215  -0.837758          0          0 
   3.14159  -0.837758          0          0 
  -3.14159  -0.628319          0          0 
  -2.93215  -0.628319          0          0 
  -2.72271  -0.628319          0          0 
  -2.51327  -0.628319          0          0 
  -2.30383  -0.628319          0          0 
   -2.0944  -0.628319          0          0 
  -1.88496  -0.628319          0          0 
  -1.67552  -0.628319          0          0 
  -1.46608  -0.628319          0          0 
  -1.25664  -0.628319          0          0 
   -1.0472  -0.628319          0          0 
 -0.837758  -0.628319          0          0 
 -0.628319  -0.628319          0          0 
 -0.418879  -0.628319          0          0 
  -0.20944  -0.628319          0          0 
         0  -0.628319          0          0 
   0.20944  -0.628319          0          0 
  0.418879  -0.628319          0          0 
  0.628319  -0.628319          0          0 
  0.837758  -0.628319          0          0 
    1.0472  -0.628319          0          0 
   1.25664  -0.628319          0          0 
   1.46608  -0.628319          0          0 
   1.67552  -0.628319          0          0 
   1.88496  -0.628319          0          0 
    2.0944  -0.628319          0          0 
   2.30383  -0.628319          0          0 
   2.51327  -0.628319          0          0 
   2.72271  -0.628319          0          0 
   2.93215  -0.628319          0          0 
   3.14159  -0.628319          0          0 
  -3.14159  -0.418879          0          0 
  -2.93215  -0.418879          0          0 
  -2.72271  -0.418879          0          0 
  -2.51327  -0.418879          0          0 
  -2.30383  -0.418879          0          0 
   -2.0944  -0.418879          0          0 
  -1.88496  -0.418879          0          0 
  -1.67552  -0.418879          0          0 
  -1.46608  -0.418879          0          0 
  -1.25664  -0.418879          0          0 
   -1.0472  -0.418879          0          0 
 -0.837758  -0.418879          0          0 
 -0.628319  -0.418879          0          0 
 -0.418879  -0.418879          0          0 
  -0.20944  -0.418879          0          0 
         0  -0.418879          0          0 
   0.20944  -0.418879          0          0 
  0.418879  -0.418879          0          0 
  0.628319  -0.418879          0          0 
  0.837758  -0.418879          0          0 
    1.0472  -0.418879          0          0 
   1.25664  -0.418879          0          0 
   1.46608  -0.418879          0          0 
   1.67552  -0.418879          0          0 
   1.88496  -0.418879          0          0 
    2.0944  -0.418879          0          0 
   2.30383  -0.418879          0          0 
   2.51327  -0.418879          0          0 
   2.72271  -0.418879          0          0 
   2.93215  -0.418879          0          0 
   3.14159  -0.418879          0          0 
  -3.14159   -0.20944          0          0 
  -2.93215   -0.20944          0          0 
  -2.72271   -0.20944          0          0 
  -2.51327   -0.20944          0          0 
  -2.30383   -0.20944          0          0 
   -2.0944   -0.20944          0          0 
  -1.88496   -0.20944          0          0 
  -1.67552   -0.20944          0          0 
  -1.46608   -0.20944          0          0 
  -1.25664   -0.20944          0          0 
   -1.0472   -0.20944          0          0 
 -0.837758   -0.20944          0          0 
 -0.628319   -0.20944          0          0 
 -0.418879   -0.20944          0          0 
  -0.20944   -0.20944          0          0 
         0   -0.20944          0          0 
   0.20944   -0.20944          0          0 
  0.418879   -0.20944          0          0 
  0.628319   -0.20944          0          0 
  0.837758   -0.20944          0          0 
    1.0472   -0.20944          0          0 
   1.25664   -0.20944          0          0 
   1.46608   -0.20944          0          0 
   1.67552   -0.20944          0          0 
   1.88496   -0.20944          0          0 
    2.0944   -0.20944          0          0 
   2.30383   -0.20944          0          0 
   2.51327   -0.20944          0          0 
   2.72271   -0.20944          0          0 
   2.93215   -0.20944          0          0 
   3.14159   -0.20944          0          0 
  -3.14159          0          0          0 
  -2.93215          0          0          0 
  -2.72271          0          0          0 
  -2.51327          0   0.883261    1.03589 
  -2.30383          0          0          0 
   -2.0944          0    4.15363    3.62886 
  -1.88496          0   -4.30607    4.62858 
  -1.67552          0   -3.01982 -0.0421667 
  -1.46608          0          0          0 
  -1.25664          0          0          0 
   -1.0472          0          0          0 
 -0.837758          0          0          0 
 -0.628319          0          0          0 
 -0.418879          0          0          0 
  -0.20944          0          0          0 
         0          0          0          0 
   0.20944          0          0          0 
  0.418879          0          0          0 
  0.628319          0          0          0 
  0.837758          0          0          0 
    1.0472          0          0          0 
   1.25664          0          0          0 
   1.46608          0          0          0 
   1.67552          0          0          0 
   1.88496          0          0          0 
    2.0944          0          0          0 
   2.30383          0          0          0 
   2.51327          0          0          0 
   2.72271          0          0          0 
   2.93215          0          0          0 
   3.14159          0          0          0 
  -3.14159    0.20944          0          0 
  -2.93215    0.20944          0          0 
  -2.72271    0.20944    5.66626    3.44625 
  -2.51327    0.20944    2.77405    4.53871 
  -2.30383    0.20944    6.32002    8.06153 
   -2.0944    0.20944   -1.76155   0.538723 
  -1.88496    0.20944   -11.0256   -2.15749 
  -1.67552    0.20944   -2.62231   -1.59076 
  -1.46608    0.20944          0          0 
  -1.25664    0.20944          0          0 
   -1.0472    0.20944          0          0 
 -0.837758    0.20944          0          0 
 -0.628319    0.20944          0          0 
 -0.418879    0.20944          0          0 
  -0.20944    0.20944          0          0 
         0    0.20944          0          0 
   0.20944    0.20944          0          0 
  0.418879    0.20944          0          0 
  0.628319    0.20944          0          0 
  0.837758    0.20944          0          0 
    1.0472    0.20944          0          0 
   1.25664    0.20944          0          0 
   1.46608    0.20944          0          0 
   1.67552    0.20944          0          0 
   1.88496    0.20944          0          0 
    2.0944    0.20944          0          0 
   2.30383    0.20944          0          0 
   2.51327    0.20944          0          0 
   2.72271    0.20944          0          0 
   2.93215    0.20944          0          0 
   3.14159    0.20944          0          0 
  -3.14159   0.418879          0          0 
  -2.93215   0.418879          0          0 
  -2.72271   0.418879    1.43802   0.984751 
  -2.51327   0.418879    7.62452    4.02491 
  -2.30383   0.418879    12.0418    14.6642 
   -2.0944   0.418879   -6.42483    4.01948 
  -1.88496   0.418879   -10.6208    3.26934 
  -1.67552   0.418879          0          0 
  -1.46608   0.418879          0          0 
  -1.25664   0.418879          0          0 
   -1.0472   0.418879          0          0 
 -0.837758   0.418879          0          0 
 -0.628319   0.418879          0          0 
 -0.418879   0.418879          0          0 
  -0.20944   0.418879          0          0 
         0   0.418879          0          0 
   0.20944   0.418879          0          0 
  0.418879   0.418879          0          0 
  0.628319   0.418879          0          0 
  0.837758   0.418879          0          0 
    1.0472   0.418879          0          0 
   1.25664   0.418879          0          0 
   1.46608   0.418879          0          0 
   1.67552   0.418879          0          0 
   1.88496   0.418879          0          0 
    2.0944   0.418879          0          0 
   2.30383   0.418879          0          0 
   2.51327   0.418879          0          0 
   2.72271   0.418879          0          0 
   2.93215   0.418879          0          0 
   3.14159   0.418879          0          0 
  -3.14159   0.628319          0          0 
  -2.93215   0.628319   0.280239   0.259939 
  -2.72271   0.628319   0.928528    2.93233 
  -2.51327   0.628319      5.652    12.9865 
  -2.30383   0.628319   -4.88889    3.92174 
   -2.0944   0.628319   -9.47058      8.179 
  -1.88496   0.628319   -1.71355    4.07977 
  -1.67552   0.628319   -2.05471   0.554558 
  -1.46608   0.628319          0          0 
  -1.25664   0.628319          0          0 
   -1.0472   0.628319          0          0 
 -0.837758   0.628319          0          0 
 -0.628319   0.628319          0          0 
 -0.418879   0.628319          0          0 
  -0.20944   0.628319          0          0 
         0   0.628319          0          0 
   0.20944   0.628319          0          0 
  0.418879   0.628319          0          0 
  0.628319   0.628319          0          0 
  0.837758   0.628319          0          0 
    1.0472   0.628319          0          0 
   1.25664   0.628319          0          0 
   1.46608   0.628319          0          0 
   1.67552   0.628319          0          0 
   1.88496   0.628319          0          0 
    2.0944   0.628319          0          0 
   2.30383   0.628319          0          0 
   2.51327   0.628319          0          0 
   2.72271   0.628319          0          0 
   2.93215   0.628319          0          0 
   3.14159   0.628319          0          0 
  -3.14159   0.837758          0          0 
  -2.93215   0.837758    9.11895    3.08358 
  -2.72271   0.837758     12.437    11.4687 
  -2.51327   0.837758    8.97159    23.0222 
  -2.30383   0.837758  -0.614144     4.0044 
   -2.0944   0.837758   -6.21946    12.6919 
  -1.88496   0.837758   -14.7774    1.01062 
  -1.67552   0.837758   -4.02529    1.12152 
  -1.46608   0.837758          0          0 
  -1.25664   0.837758          0          0 
   -1.0472   0.837758          0          0 
 -0.837758   0.837758          0          0 
 -0.628319   0.837758          0          0 
 -0.418879   0.837758          0          0 
  -0.20944   0.837758          0          0 
         0   0.837758          0          0 
   0.20944   0.837758          0          0 
  0.418879   0.837758          0          0 
  0.628319   0.837758          0          0 
  0.837758   0.837758          0          0 
    1.0472   0.837758          0          0 
   1.25664   0.837758          0          0 
   1.46608   0.837758          0          0 
   1.67552   0.837758          0          0 
   1.88496   0.837758          0          0 
    2.0944   0.837758          0          0 
   2.30383   0.837758          0          0 
   2.51327   0.837758          0          0 
   2.72271   0.837758          0          0 
   2.93215   0.837758          0          0 
   3.14159   0.837758          0          0 
  -3.14159     1.0472          0          0 
  -2.93215     1.0472    25.0748    6.80734 
  -2.72271     1.0472     22.791    17.1399 
  -2.51327     1.0472     14.736    17.5173 
  -2.30383     1.0472   0.211571    5.16133 
   -2.0944     1.0472   -12.0661    4.97264 
  -1.88496     1.0472   -23.4928    5.73199 
  -1.67552     1.0472   -14.3255    1.79433 
  -1.46608     1.0472  -0.816418  -0.354993 
  -1.25664     1.0472          0          0 
   -1.0472     1.0472          0          0 
 -0.837758     1.0472          0          0 
 -0.628319     1.0472          0          0 
 -0.418879     1.0472          0          0 
  -0.20944     1.0472          0          0 
         0     1.0472          0          0 
   0.20944     1.0472          0          0 
  0.418879     1.0472          0          0 
  0.628319     1.0472          0          0 
  0.837758     1.0472          0          0 
    1.0472     1.0472          0          0 
   1.25664     1.0472          0          0 
   1.46608     1.0472          0          0 
   1.67552     1.0472          0          0 
   1.88496     1.0472          0          0 
    2.0944     1.0472          0          0 
   2.30383     1.0472          0          0 
   2.51327     1.0472          0          0 
   2.72271     1.0472          0          0 
   2.93215     1.0472          0          0 
   3.14159     1.0472          0          0 
  -3.14159    1.25664    2.09023   0.675991 
  -2.93215    1.25664    20.5139    1.19985 
  -2.72271    1.25664    23.7098    2.94392 
  -2.51327    1.25664   0.972623   -6.27536 
  -2.30383    1.25664    4.65153 -0.0431546 
   -2.0944    1.25664    -5.7851    13.6091 
  -1.88496    1.25664   -14.9637    8.39222 
  -1.67552    1.25664   -14.9015    7.62208 
  -1.46608    1.25664          0          0 
  -1.25664    1.25664          0          0 
   -1.0472    1.25664          0          0 
 -0.837758    1.25664          0          0 
 -0.628319    1.25664          0          0 
 -0.418879    1.25664          0          0 
  -0.20944    1.25664          0          0 
         0    1.25664          0          0 
   0.20944    1.25664          0          0 
  0.418879    1.25664          0          0 
  0.628319    1.25664          0          0 
  0.837758    1.25664          0          0 
    1.0472    1.25664          0          0 
   1.25664    1.25664          0          0 
   1.46608    1.25664          0          0 
   1.67552    1.25664          0          0 
   1.88496    1.25664          0          0 
    2.0944    1.25664          0          0 
   2.30383    1.25664          0          0 
   2.51327    1.25664          0          0 
   2.72271    1.25664          0          0 
   2.93215    1.25664          0          0 
   3.14159    1.25664    2.09023   0.675991 
  -3.14159    1.46608          0          0 
  -2.93215    1.46608    15.3994   -5.14003 
  -2.72271    1.46608    13.3034    10.5218 
  -2.51327    1.46608    9.82412    4.16351 
  -2.30383    1.46608  -0.266242   -1.24967 
   -2.0944    1.46608   -8.53205    1.39864 
  -1.88496    1.46608    -16.014    -1.2905 
  -1.67552    1.46608   -24.8407     8.2289 
  -1.46608    1.46608   -2.20445    2.61211 
  -1.25664    1.46608    1.66625    3.36144 
   -1.0472    1.46608  -0.277544   0.172487 
 -0.837758    1.46608          0          0 
 -0.628319    1.46608          0          0 
 -0.418879    1.46608          0          0 
  -0.20944    1.46608          0          0 
         0    1.46608          0          0 
   0.20944    1.46608          0          0 
  0.418879    1.46608          0          0 
  0.628319    1.46608          0          0 
  0.837758    1.46608          0          0 
    1.0472    1.46608          0          0 
   1.25664    1.46608          0          0 
   1.46608    1.46608          0          0 
   1.67552    1.46608          0          0 
   1.88496    1.46608          0          0 
    2.0944    1.46608          0          0 
   2.30383    1.46608          0          0 
   2.51327    1.46608          0          0 
   2.72271    1.46608          0          0 
   2.93215    1.46608          0          0 
   3.14159    1.46608          0          0 
  -3.14159    1.67552          0          0 
  -2.93215    1.67552    7.08564    1.67354 
  -2.72271    1.67552    16.2556    4.16396 
  -2.51327    1.67552    6.58006    1.05702 
  -2.30383    1.67552    2.70476   -1.91392 
   -2.0944    1.67552   -5.39785     1.6859 
  -1.88496    1.67552   -15.1474    9.60417 
  -1.67552    1.67552    2.03677      2.024 
  -1.46608    1.67552   -4.81477    3.14065 
  -1.25664    1.67552   -4.06969    2.24864 
   -1.0472    1.67552   -0.89205  0.0989604 
 -0.837758    1.67552          0          0 
 -0.628319    1.67552          0          0 
 -0.418879    1.67552          0          0 
  -0.20944    1.67552          0          0 
         0    1.67552          0          0 
   0.20944    1.67552          0          0 
  0.418879    1.67552          0          0 
  0.628319    1.67552          0          0 
  0.837758    1.67552          0          0 
    1.0472    1.67552          0          0 
   1.25664    1.67552          0          0 
   1.46608    1.67552          0          0 
   1.67552    1.67552          0          0 
   1.88496    1.67552          0          0 
    2.0944    1.67552          0          0 
   2.30383    1.67552          0          0 
   2.51327    1.67552          0          0 
   2.72271    1.67552          0          0 
   2.93215    1.67552          0          0 
   3.14159    1.67552          0          0 
  -3.14159    1.88496          0          0 
  -2.93215    1.88496    1.81175   -1.48612 
  -2.72271    1.88496    5.55469    7.24482 
  -2.51327    1.88496     10.169    1.65334 
  -2.30383    1.88496   0.988041    1.77001 
   -2.0944    1.88496   -1.23659    9.49728 
  -1.88496    1.88496   -6.15796    5.67613 
  -1.67552    1.88496   -9.26545   -3.17568 
  -1.46608    1.88496    1.46779    13.2475 
  -1.25664    1.88496   -7.32406    12.5197 
   -1.0472    1.88496   -4.29138    14.8355 
 -0.837758    1.88496   -4.65301    11.9195 
 -0.628319    1.88496  -0.596212    1.06625 
 -0.418879    1.88496   0.492924    1.03073 
  -0.20944    1.88496  -0.505879    2.09487 
         0    1.88496          0          0 
   0.20944    1.88496          0          0 
  0.418879    1.88496          0          0 
  0.628319    1.88496          0          0 
  0.837758    1.88496          0          0 
    1.0472    1.88496          0          0 
   1.25664    1.88496          0          0 
   1.46608    1.88496          0          0 
   1.67552    1.88496          0          0 
   1.88496    1.88496          0          0 
    2.0944    1.88496          0          0 
   2.30383    1.88496          0          0 
   2.51327    1.88496          0          0 
   2.72271    1.88496          0          0 
   2.93215    1.88496          0          0 
   3.14159    1.88496          0          0 
  -3.14159     2.0944          0          0 
  -2.93215     2.0944    9.68302    6.23913 
  -2.72271     2.0944    14.1254    7.70547 
  -2.51327     2.0944    2.29809    13.8738 
  -2.30383     2.0944    5.51504    5.85594 
   -2.0944     2.0944   -3.10723    5.68706 
  -1.88496     2.0944   -1.98856    9.66894 
  -1.67552     2.0944    1.34031    12.0799 
  -1.46608     2.0944    2.32942    13.6939 
  -1.25664     2.0944   -1.16589    15.4422 
   -1.0472     2.0944   -9.33328    12.2107 
 -0.837758     2.0944   -23.3971    18.9339 
 -0.628319     2.0944   -10.2111   0.603706 
 -0.418879     2.0944  -0.478091    -0.4286 
  -0.20944     2.0944  -0.256952   0.185285 
         0     2.0944          0          0 
   0.20944     2.0944          0          0 
  0.418879     2.0944          0          0 
  0.628319     2.0944          0          0 
  0.837758     2.0944          0          0 
    1.0472     2.0944          0          0 
   1.25664     2.0944          0          0 
   1.46608     2.0944          0          0 
   1.67552     2.0944          0          0 
   1.88496     2.0944          0          0 
    2.0944     2.0944          0          0 
   2.30383     2.0944          0          0 
   2.51327     2.0944          0          0 
   2.72271     2.0944          0          0 
   2.93215     2.0944          0          0 
   3.14159     2.0944          0          0 
  -3.14159    2.30383    8.37131  -0.630144 
  -2.93215    2.30383     19.679    21.6044 
  -2.72271    2.30383    8.30542    18.9606 
  -2.51327    2.30383    2.35122    14.5356 
  -2.30383    2.30383   -1.83022    15.3833 
   -2.0944    2.30383   -7.23916    8.79152 
  -1.88496    2.30383    9.00573   0.282845 
  -1.67552    2.30383     9.7625    18.8054 
  -1.46608    2.30383    1.26927    10.9983 
  -1.25664    2.30383    3.68158     8.5536 
   -1.0472    2.30383   -10.7082    5.24633 
 -0.837758    2.30383   -21.1058    12.9082 
 -0.628319    2.30383   -4.65059    6.67974 
 -0.418879    2.30383    -7.6476   -1.03301 
  -0.20944    2.30383          0          0 
         0    2.30383          0          0 
   0.20944    2.30383          0          0 
  0.418879    2.30383          0          0 
  0.628319    2.30383          0          0 
  0.837758    2.30383          0          0 
    1.0472    2.30383          0          0 
   1.25664    2.30383          0          0 
   1.46608    2.30383          0          0 
   1.67552    2.30383          0          0 
   1.88496    2.30383          0          0 
    2.0944    2.30383          0          0 
   2.30383    2.30383          0          0 
   2.51327    2.30383          0          0 
   2.72271    2.30383          0          0 
   2.93215    2.30383          0          0 
   3.14159    2.30383    8.37131  -0.630144 
  -3.14159    2.51327   0.942525     1.6384 
  -2.93215    2.51327    25.9705    6.93148 
  -2.72271    2.51327    10.3151    12.8002 
  -2.51327    2.51327   -1.11738    12.6454 
  -2.30383    2.51327   -5.50806   -3.59625 
   -2.0944    2.51327    -8.5179    7.70936 
  -1.88496    2.51327   -1.76785     1.1284 
  -1.67552    2.51327    8.76191    3.83882 
  -1.46608    2.51327    3.78383   0.509655 
  -1.25664    2.51327    8.27531    2.04232 
   -1.0472    2.51327   -12.0253    7.45219 
 -0.837758    2.51327    -24.692   -7.22697 
 -0.628319    2.51327   -27.0506    17.2973 
 -0.418879    2.51327   -5.27016    2.83515 
  -0.20944    2.51327   -1.26677   -1.16546 
         0    2.51327          0          0 
   0.20944    2.51327          0          0 
  0.418879    2.51327          0          0 
  0.628319    2.51327          0          0 
  0.837758    2.51327          0          0 
    1.0472    2.51327          0          0 
   1.25664    2.51327          0          0 
   1.46608    2.51327          0          0 
   1.67552    2.51327          0          0 
   1.88496    2.51327          0          0 
    2.0944    2.51327          0          0 
   2.30383    2.51327          0          0 
   2.51327    2.51327          0          0 
   2.72271    2.51327          0          0 
   2.93215    2.51327          0          0 
   3.14159    2.51327   0.942525     1.6384 
  -3.14159    2.72271    26.8714    -1.3145 
  -2.93215    2.72271    25.7561   -2.81373 
  -2.72271    2.72271      16.94   -1.14404 
  -2.51327    2.72271   -5.60376   -8.33512 
  -2.30383    2.72271    -8.5778   -9.72553 
   -2.0944    2.72271   -3.09281   -8.40769 
  -1.88496    2.72271   0.175018   -9.82872 
  -1.67552    2.72271    2.50773   -9.80505 
  -1.46608    2.72271    12.9156   -7.57012 
  -1.25664    2.72271   -3.84326   -12.5033 
   -1.0472    2.72271    -13.927   -11.3875 
 -0.837758    2.72271   -21.3888    -11.481 
 -0.628319    2.72271   -31.0692    -18.757 
 -0.418879    2.72271     -3.402   -2.96074 
  -0.20944    2.72271          0          0 
         0    2.72271          0          0 
   0.20944    2.72271          0          0 
  0.418879    2.72271          0          0 
  0.628319    2.72271          0          0 
  0.837758    2.72271          0          0 
    1.0472    2.72271          0          0 
   1.25664    2.72271          0          0 
   1.46608    2.72271          0          0 
   1.67552    2.72271          0          0 
   1.88496    2.72271          0          0 
    2.0944    2.72271          0          0 
   2.30383    2.72271          0          0 
   2.51327    2.72271          0          0 
   2.72271    2.72271          0          0 
   2.93215    2.72271   0.850966    0.86542 
   3.14159    2.72271    26.8714    -1.3145 
  -3.14159    2.93215    52.5536   -15.2114 
  -2.93215    2.93215    26.1903   -18.9896 
  -2.72271    2.93215    1.36786   -13.0019 
  -2.51327    2.93215   -4.03374    -21.058 
  -2.30383    2.93215    -10.683   -27.1408 
   -2.0944    2.93215    -2.6413   -17.8449 
  -1.88496    2.93215   -4.70588   -20.3205 
  -1.67552    2.93215    20.2801   -19.7915 
  -1.46608    2.93215    6.21005   -25.6957 
  -1.25664    2.93215   -7.10309   -26.3961 
   -1.0472    2.93215   -19.1508   -37.7698 
 -0.837758    2.93215   -39.9433    -48.598 
 -0.628319    2.93215   -8.23029   -9.44207 
 -0.418879    2.93215          0          0 
  -0.20944    2.93215          0          0 
         0    2.93215          0          0 
   0.20944    2.93215          0          0 
  0.418879    2.93215          0          0 
  0.628319    2.93215          0          0 
  0.837758    2.93215          0          0 
    1.0472    2.93215          0          0 
   1.25664    2.93215          0          0 
   1.46608    2.93215          0          0 
   1.67552    2.93215          0          0 
   1.88496    2.93215          0          0 
    2.0944    2.93215          0          0 
   2.30383    2.93215          0          0 
   2.51327    2.93215          0          0 
   2.72271    2.93215          0          0 
   2.93215    2.93215    2.64374   -1.25952 
   3.14159    2.93215    52.5536   -15.2114 
  -3.14159    3.14159    3.65678    -6.1578 
  -2.93215    3.14159    25.9962   -39.4248 
  -2.72271    3.14159    4.10167   -39.4102 
  -2.51327    3.14159    2.17223   -44.6307 
  -2.30383    3.14159   -7.26824    -22.021 
   -2.0944    3.14159   -3.06563   -8.32927 
  -1.88496    3.14159   -1.89646   -5.39168 
  -1.67552    3.14159     22.322   -24.4826 
  -1.46608    3.14159    2.00718   -33.8022 
  -1.25664    3.14159    -9.1429   -43.1656 
   -1.0472    3.14159   -36.3538   -44.1226 
 -0.837758    3.14159   -21.6301   -26.8015 
 -0.628319    3.14159          0          0 
 -0.418879    3.14159          0          0 
  -0.20944    3.14159          0          0 
         0    3.14159          0          0 
   0.20944    3.14159          0          0 
  0.418879    3.14159          0          0 
  0.628319    3.14159          0          0 
  0.837758    3.14159          0          0 
    1.0472    3.14159          0          0 
   1.25664    3.14159          0          0 
   1.46608    3.14159          0          0 
   1.67552    3.14159          0          0 
   1.88496    3.14159          0          0 
    2.0944    3.14159          0          0 
   2.30383    3.14159          0          0 
   2.51327    3.14159          0          0 
   2.72271    3.14159          0          0 
   2.93215    3.14159    1.15289  -0.843351 
   3.14159    3.14159    3.65678    -6.1578 


