
Iteration: 500000
Printing out the current Adaptive Biasing Vector Field.
First (Nr of CVs) columns are the coordinates, the next (Nr of CVs) columns are components of the Adaptive Force vector at that point.
The columns are 961 long, mapping out a surface of 31 by 31 points in 2 dimensions.

  -3.14159   -3.14159    50.5817   -39.0709 
  -2.93215   -3.14159    26.4044   -29.7365 
  -2.72271   -3.14159    8.83207   -36.8734 
  -2.51327   -3.14159     1.6057   -42.0833 
  -2.30383   -3.14159   -8.64283   -34.1173 
   -2.0944   -3.14159   -4.93629    -27.051 
  -1.88496   -3.14159      1.694   -31.1055 
  -1.67552   -3.14159    9.25056   -35.9791 
  -1.46608   -3.14159    3.25735   -39.8083 
  -1.25664   -3.14159   -8.43355   -45.7415 
   -1.0472   -3.14159   -31.1822   -49.0939 
 -0.837758   -3.14159   -46.6012   -56.8573 
 -0.628319   -3.14159   -61.2646   -68.1048 
 -0.418879   -3.14159   -64.2489   -70.3867 
  -0.20944   -3.14159   -1.34273   -1.55861 
         0   -3.14159          0          0 
   0.20944   -3.14159    3.62655   -1.94943 
  0.418879   -3.14159    60.8516   -1.60687 
  0.628319   -3.14159    52.6866   -9.30753 
  0.837758   -3.14159    27.6409   -19.5672 
    1.0472   -3.14159   -4.36002   -21.7366 
   1.25664   -3.14159   -35.8745    -25.386 
   1.46608   -3.14159   -53.6309   -29.8666 
   1.67552   -3.14159   -24.8751   -13.5101 
   1.88496   -3.14159          0          0 
    2.0944   -3.14159          0          0 
   2.30383   -3.14159          0          0 
   2.51327   -3.14159          0          0 
   2.72271   -3.14159    9.22049    -4.6515 
   2.93215   -3.14159    54.7272   -43.5196 
   3.14159   -3.14159    50.5817   -39.0709 
  -3.14159   -2.93215    43.1051   -35.7016 
  -2.93215   -2.93215    31.2124   -40.3023 
  -2.72271   -2.93215    16.7222   -43.4496 
  -2.51327   -2.93215   -4.06005   -43.7446 
  -2.30383   -2.93215   -11.6684   -35.3658 
   -2.0944   -2.93215   0.612458   -46.7288 
  -1.88496   -2.93215    5.90853   -39.3371 
  -1.67552   -2.93215    1.74913   -33.6752 
  -1.46608   -2.93215  -0.846135   -41.0271 
  -1.25664   -2.93215   -10.7428   -52.3497 
   -1.0472   -2.93215   -24.6279   -55.2296 
 -0.837758   -2.93215   -46.5213   -72.5321 
 -0.628319   -2.93215   -23.9012   -27.6477 
 -0.418879   -2.93215   -1.34635   -0.97465 
  -0.20944   -2.93215          0          0 
         0   -2.93215          0          0 
   0.20944   -2.93215          0          0 
  0.418879   -2.93215    38.7943   -3.08623 
  0.628319   -2.93215    50.2401   -10.9993 
  0.837758   -2.93215    17.9584    -25.603 
    1.0472   -2.93215   -7.02379   -29.1799 
   1.25664   -2.93215   -32.2261   -33.7786 
   1.46608   -2.93215   -34.6381    -20.239 
   1.67552   -2.93215   -2.36576   0.243627 
   1.88496   -2.93215          0          0 
    2.0944   -2.93215          0          0 
   2.30383   -2.93215          0          0 
   2.51327   -2.93215          0          0 
   2.72271   -2.93215    2.23725   -1.72923 
   2.93215   -2.93215    29.0041   -22.1649 
   3.14159   -2.93215    43.1051   -35.7016 
  -3.14159   -2.72271    13.3206   -10.1792 
  -2.93215   -2.72271    38.2314   -45.8327 
  -2.72271   -2.72271    22.6403   -50.5111 
  -2.51327   -2.72271    8.09755   -42.4659 
  -2.30383   -2.72271   -3.74089   -36.4748 
   -2.0944   -2.72271    2.32949   -40.0616 
  -1.88496   -2.72271   -5.48502   -45.5728 
  -1.67552   -2.72271   -1.31533   -35.6162 
  -1.46608   -2.72271    1.00123   -34.8931 
  -1.25664   -2.72271   -17.0597   -47.8864 
   -1.0472   -2.72271   -45.5732   -56.9105 
 -0.837758   -2.72271   -16.3415   -18.4079 
 -0.628319   -2.72271          0          0 
 -0.418879   -2.72271          0          0 
  -0.20944   -2.72271          0          0 
         0   -2.72271          0          0 
   0.20944   -2.72271          0          0 
  0.418879   -2.72271    20.8603   -3.06539 
  0.628319   -2.72271    43.2956   -14.6735 
  0.837758   -2.72271    15.0577   -27.9516 
    1.0472   -2.72271   -16.4309   -27.7083 
   1.25664   -2.72271   -46.8624   -25.5029 
   1.46608   -2.72271    -26.949    -11.384 
   1.67552   -2.72271          0          0 
   1.88496   -2.72271          0          0 
    2.0944   -2.72271          0          0 
   2.30383   -2.72271          0          0 
   2.51327   -2.72271          0          0 
   2.72271   -2.72271          0          0 
   2.93215   -2.72271          0          0 
   3.14159   -2.72271    13.3206   -10.1792 
  -3.14159   -2.51327    2.06315   -1.37756 
  -2.93215   -2.51327    5.21562   -22.3022 
  -2.72271   -2.51327    25.1198    -60.954 
  -2.51327   -2.51327    6.71033   -48.4791 
  -2.30383   -2.51327   -8.01658   -29.5373 
   -2.0944   -2.51327   -1.31467   -31.7947 
  -1.88496   -2.51327   -1.49615   -32.9388 
  -1.67552   -2.51327   -6.90213   -43.2357 
  -1.46608   -2.51327   -2.75774   -42.8755 
  -1.25664   -2.51327   -11.0567   -33.3652 
   -1.0472   -2.51327   -8.78266   -10.7782 
 -0.837758   -2.51327          0          0 
 -0.628319   -2.51327          0          0 
 -0.418879   -2.51327          0          0 
  -0.20944   -2.51327          0          0 
         0   -2.51327          0          0 
   0.20944   -2.51327          0          0 
  0.418879   -2.51327    13.1309   -2.75814 
  0.628319   -2.51327     35.179   -18.2923 
  0.837758   -2.51327    9.20578   -29.1429 
    1.0472   -2.51327   -11.7934   -19.3263 
   1.25664   -2.51327   -34.8982   -12.3284 
   1.46608   -2.51327   -7.86932   -1.46877 
   1.67552   -2.51327          0          0 
   1.88496   -2.51327          0          0 
    2.0944   -2.51327          0          0 
   2.30383   -2.51327          0          0 
   2.51327   -2.51327          0          0 
   2.72271   -2.51327          0          0 
   2.93215   -2.51327          0          0 
   3.14159   -2.51327    2.06315   -1.37756 
  -3.14159   -2.30383          0          0 
  -2.93215   -2.30383   0.547821  -0.892083 
  -2.72271   -2.30383    2.89051   -3.81215 
  -2.51327   -2.30383   -1.19593   -8.03067 
  -2.30383   -2.30383    1.23926   -9.96134 
   -2.0944   -2.30383   -1.30047   -9.86822 
  -1.88496   -2.30383   0.584133   -12.0217 
  -1.67552   -2.30383    -4.3589   -8.00727 
  -1.46608   -2.30383   -4.14577   -8.00327 
  -1.25664   -2.30383  -0.392791   -3.15772 
   -1.0472   -2.30383          0          0 
 -0.837758   -2.30383          0          0 
 -0.628319   -2.30383          0          0 
 -0.418879   -2.30383          0          0 
  -0.20944   -2.30383          0          0 
         0   -2.30383          0          0 
   0.20944   -2.30383          0          0 
  0.418879   -2.30383    6.12634   -1.33057 
  0.628319   -2.30383    23.9694   -3.83058 
  0.837758   -2.30383    7.44409   -16.3567 
    1.0472   -2.30383   -19.0747   -4.95212 
   1.25664   -2.30383   -31.6106    -9.9835 
   1.46608   -2.30383   -6.56848   -2.26975 
   1.67552   -2.30383          0          0 
   1.88496   -2.30383          0          0 
    2.0944   -2.30383          0          0 
   2.30383   -2.30383          0          0 
   2.51327   -2.30383          0          0 
   2.72271   -2.30383          0          0 
   2.93215   -2.30383          0          0 
   3.14159   -2.30383          0          0 
  -3.14159    -2.0944          0          0 
  -2.93215    -2.0944          0          0 
  -2.72271    -2.0944  -0.473198   -2.58031 
  -2.51327    -2.0944          0          0 
  -2.30383    -2.0944     1.1975    2.97184 
   -2.0944    -2.0944   0.506006   -0.30581 
  -1.88496    -2.0944     -3.458    8.10869 
  -1.67552    -2.0944   0.273776    3.20091 
  -1.46608    -2.0944   0.103521    1.68541 
  -1.25664    -2.0944          0          0 
   -1.0472    -2.0944          0          0 
 -0.837758    -2.0944          0          0 
 -0.628319    -2.0944          0          0 
 -0.418879    -2.0944          0          0 
  -0.20944    -2.0944    2.05475     3.9602 
         0    -2.0944   0.300664 -0.0883952 
   0.20944    -2.0944    2.25731    2.12369 
  0.418879    -2.0944    11.8775     3.6711 
  0.628319    -2.0944    31.4281    20.5422 
  0.837758    -2.0944    12.9641    3.88759 
    1.0472    -2.0944   -11.1671     1.5481 
   1.25664    -2.0944   -26.5617    -4.3333 
   1.46608    -2.0944   -18.7841    5.42126 
   1.67552    -2.0944   0.307364    3.23518 
   1.88496    -2.0944          0          0 
    2.0944    -2.0944          0          0 
   2.30383    -2.0944          0          0 
   2.51327    -2.0944          0          0 
   2.72271    -2.0944          0          0 
   2.93215    -2.0944          0          0 
   3.14159    -2.0944          0          0 
  -3.14159   -1.88496          0          0 
  -2.93215   -1.88496          0          0 
  -2.72271   -1.88496          0          0 
  -2.51327   -1.88496    3.92032   -1.55145 
  -2.30383   -1.88496   -2.39136    7.61112 
   -2.0944   -1.88496    5.18033    10.1481 
  -1.88496   -1.88496   -5.67933    6.16826 
  -1.67552   -1.88496   -1.14219    12.2156 
  -1.46608   -1.88496   -9.72196    6.52911 
  -1.25664   -1.88496   -3.36975    2.91708 
   -1.0472   -1.88496  -0.412922    1.02046 
 -0.837758   -1.88496          0          0 
 -0.628319   -1.88496          0          0 
 -0.418879   -1.88496          0          0 
  -0.20944   -1.88496   0.616582    -1.6198 
         0   -1.88496   -1.22378    2.81666 
   0.20944   -1.88496    7.38948     4.0309 
  0.418879   -1.88496    21.7511    13.8912 
  0.628319   -1.88496    12.9818    2.20545 
  0.837758   -1.88496    8.51988   -4.84833 
    1.0472   -1.88496   -5.59769    -10.413 
   1.25664   -1.88496   -24.2199    0.18884 
   1.46608   -1.88496   -23.7688    14.5216 
   1.67552   -1.88496   -1.47724   -2.24252 
   1.88496   -1.88496          0          0 
    2.0944   -1.88496          0          0 
   2.30383   -1.88496          0          0 
   2.51327   -1.88496          0          0 
   2.72271   -1.88496          0          0 
   2.93215   -1.88496          0          0 
   3.14159   -1.88496          0          0 
  -3.14159   -1.67552          0          0 
  -2.93215   -1.67552          0          0 
  -2.72271   -1.67552    2.68549    4.55384 
  -2.51327   -1.67552    4.52281    7.99643 
  -2.30383   -1.67552    4.97814    18.3453 
   -2.0944   -1.67552    4.26118    24.4927 
  -1.88496   -1.67552   -5.28247    13.3124 
  -1.67552   -1.67552   -11.0638    16.9725 
  -1.46608   -1.67552   -3.72286    22.3147 
  -1.25664   -1.67552   -8.59254    24.0272 
   -1.0472   -1.67552   -2.46345    10.9596 
 -0.837758   -1.67552    -1.0988    1.88721 
 -0.628319   -1.67552  -0.473166    2.60169 
 -0.418879   -1.67552     1.9063    3.24803 
  -0.20944   -1.67552    3.23876    18.6321 
         0   -1.67552    4.80741    23.7131 
   0.20944   -1.67552    19.0617    30.0074 
  0.418879   -1.67552    11.3016    6.32309 
  0.628319   -1.67552    4.72866   -16.5841 
  0.837758   -1.67552    2.21279    -16.927 
    1.0472   -1.67552   -12.7062   -22.6875 
   1.25664   -1.67552   -25.8867   -15.4586 
   1.46608   -1.67552   -26.3488   -2.56779 
   1.67552   -1.67552    -13.531    2.48025 
   1.88496   -1.67552   -1.77728    1.33096 
    2.0944   -1.67552          0          0 
   2.30383   -1.67552          0          0 
   2.51327   -1.67552          0          0 
   2.72271   -1.67552          0          0 
   2.93215   -1.67552          0          0 
   3.14159   -1.67552          0          0 
  -3.14159   -1.46608    4.71616    1.11198 
  -2.93215   -1.46608    9.82172    13.4241 
  -2.72271   -1.46608    13.1237    38.9518 
  -2.51327   -1.46608    2.63432    17.6877 
  -2.30383   -1.46608    7.58807    14.4633 
   -2.0944   -1.46608   -6.40032    20.6266 
  -1.88496   -1.46608    6.90821    23.5055 
  -1.67552   -1.46608    11.2707    22.9881 
  -1.46608   -1.46608   0.905666    24.3297 
  -1.25664   -1.46608    5.97944    41.3018 
   -1.0472   -1.46608   -10.7128    43.0065 
 -0.837758   -1.46608   -10.4992    31.3075 
 -0.628319   -1.46608   -9.01819    38.7071 
 -0.418879   -1.46608   -5.48232    46.7785 
  -0.20944   -1.46608   -2.13122    30.5596 
         0   -1.46608    1.20005    17.7814 
   0.20944   -1.46608    2.62347    2.12707 
  0.418879   -1.46608   -9.05565   -13.4976 
  0.628319   -1.46608    1.20195   -29.9841 
  0.837758   -1.46608  -0.167723   -38.4904 
    1.0472   -1.46608   -14.4374   -37.6521 
   1.25664   -1.46608    -22.257   -17.6714 
   1.46608   -1.46608   -22.2344   -20.9846 
   1.67552   -1.46608   -12.8075   -16.6636 
   1.88496   -1.46608          0          0 
    2.0944   -1.46608          0          0 
   2.30383   -1.46608          0          0 
   2.51327   -1.46608          0          0 
   2.72271   -1.46608          0          0 
   2.93215   -1.46608          0          0 
   3.14159   -1.46608    4.71616    1.11198 
  -3.14159   -1.25664     23.213    6.94773 
  -2.93215   -1.25664    25.3636     29.368 
  -2.72271   -1.25664    18.0456    24.4819 
  -2.51327   -1.25664   0.698759    15.2366 
  -2.30383   -1.25664   -5.37094    18.3565 
   -2.0944   -1.25664    1.11156    5.64682 
  -1.88496   -1.25664    15.4863    19.4174 
  -1.67552   -1.25664    8.79583    19.6113 
  -1.46608   -1.25664    4.08314    19.1353 
  -1.25664   -1.25664    4.02033    36.7887 
   -1.0472   -1.25664   -3.71116    32.4273 
 -0.837758   -1.25664   -8.37615    36.3722 
 -0.628319   -1.25664   -11.4172    41.3562 
 -0.418879   -1.25664   -13.1199    34.9395 
  -0.20944   -1.25664   -11.8382    15.2919 
         0   -1.25664   -15.3613   -13.5743 
   0.20944   -1.25664   -21.6722   -22.8449 
  0.418879   -1.25664   -16.5393   -22.9739 
  0.628319   -1.25664   -2.23438   -10.9418 
  0.837758   -1.25664   -1.44156   -12.5458 
    1.0472   -1.25664   -3.87247   -20.8254 
   1.25664   -1.25664  -0.331621   -14.0619 
   1.46608   -1.25664     -8.499   -16.8376 
   1.67552   -1.25664   -2.58703   -0.67947 
   1.88496   -1.25664          0          0 
    2.0944   -1.25664          0          0 
   2.30383   -1.25664          0          0 
   2.51327   -1.25664          0          0 
   2.72271   -1.25664          0          0 
   2.93215   -1.25664   0.726866    1.87117 
   3.14159   -1.25664     23.213    6.94773 
  -3.14159    -1.0472    25.6482    10.4505 
  -2.93215    -1.0472    25.1887    19.6631 
  -2.72271    -1.0472    11.9995    9.44333 
  -2.51327    -1.0472    2.35945    8.72232 
  -2.30383    -1.0472   -1.78008    13.7447 
   -2.0944    -1.0472  -0.537968    14.2687 
  -1.88496    -1.0472    10.2142    17.4953 
  -1.67552    -1.0472    2.92807     17.053 
  -1.46608    -1.0472    7.00781    17.5273 
  -1.25664    -1.0472    7.09437    29.7462 
   -1.0472    -1.0472   -1.65757    30.7356 
 -0.837758    -1.0472    -11.993    27.0799 
 -0.628319    -1.0472   -17.8592    23.9937 
 -0.418879    -1.0472   -26.7302     3.7195 
  -0.20944    -1.0472   -34.7666   -6.09536 
         0    -1.0472   -38.2233   -25.6747 
   0.20944    -1.0472   -14.5997   -19.3356 
  0.418879    -1.0472   -8.93251   -16.6111 
  0.628319    -1.0472  -0.197947  -0.808933 
  0.837758    -1.0472          0          0 
    1.0472    -1.0472          0          0 
   1.25664    -1.0472   0.866594   -1.93561 
   1.46608    -1.0472    -2.5983   -5.51924 
   1.67552    -1.0472  -0.549416   -2.06534 
   1.88496    -1.0472          0          0 
    2.0944    -1.0472          0          0 
   2.30383    -1.0472          0          0 
   2.51327    -1.0472          0          0 
   2.72271    -1.0472          0          0 
   2.93215    -1.0472    3.44806  -0.800735 
   3.14159    -1.0472    25.6482    10.4505 
  -3.14159  -0.837758    38.3551   -0.62953 
  -2.93215  -0.837758     27.434    7.21401 
  -2.72271  -0.837758    7.16195     1.2476 
  -2.51327  -0.837758   -6.00896     8.1376 
  -2.30383  -0.837758   -4.67054    1.09952 
   -2.0944  -0.837758     7.8947     13.106 
  -1.88496  -0.837758     4.3114     7.9213 
  -1.67552  -0.837758     7.8408    12.4329 
  -1.46608  -0.837758    9.98112    9.43517 
  -1.25664  -0.837758    10.7897    16.0694 
   -1.0472  -0.837758   -3.51283    12.7821 
 -0.837758  -0.837758   -17.7594    8.00044 
 -0.628319  -0.837758   -26.8793    1.86612 
 -0.418879  -0.837758   -37.1615   -10.6301 
  -0.20944  -0.837758   -51.8805   -31.2888 
         0  -0.837758   -6.33075   -7.89985 
   0.20944  -0.837758          0          0 
  0.418879  -0.837758          0          0 
  0.628319  -0.837758          0          0 
  0.837758  -0.837758          0          0 
    1.0472  -0.837758          0          0 
   1.25664  -0.837758          0          0 
   1.46608  -0.837758   0.339407   -0.11273 
   1.67552  -0.837758   -1.47352  -0.264078 
   1.88496  -0.837758          0          0 
    2.0944  -0.837758          0          0 
   2.30383  -0.837758          0          0 
   2.51327  -0.837758          0          0 
   2.72271  -0.837758          0          0 
   2.93215  -0.837758    3.88972    1.56072 
   3.14159  -0.837758    38.3551   -0.62953 
  -3.14159  -0.628319    39.6222   -4.31572 
  -2.93215  -0.628319    26.4656   -4.89171 
  -2.72271  -0.628319    9.53978   -5.29355 
  -2.51327  -0.628319    1.68823   -5.03958 
  -2.30383  -0.628319   0.544596   -6.88533 
   -2.0944  -0.628319    7.05551   -3.09382 
  -1.88496  -0.628319    8.22762  -0.742231 
  -1.67552  -0.628319    14.8296  -0.437797 
  -1.46608  -0.628319    17.5159   -1.78418 
  -1.25664  -0.628319    8.16217  -0.780021 
   -1.0472  -0.628319   -6.10025  -0.241429 
 -0.837758  -0.628319   -24.2864   -9.76755 
 -0.628319  -0.628319   -46.2863   -33.4486 
 -0.418879  -0.628319   -63.1998   -49.5249 
  -0.20944  -0.628319   -17.1796   -13.6836 
         0  -0.628319          0          0 
   0.20944  -0.628319          0          0 
  0.418879  -0.628319          0          0 
  0.628319  -0.628319          0          0 
  0.837758  -0.628319          0          0 
    1.0472  -0.628319          0          0 
   1.25664  -0.628319          0          0 
   1.46608  -0.628319    1.04089   0.254322 
   1.67552  -0.628319    -2.4003    2.52974 
   1.88496  -0.628319   -1.16619  -0.016709 
    2.0944  -0.628319          0          0 
   2.30383  -0.628319          0          0 
   2.51327  -0.628319          0          0 
   2.72271  -0.628319          0          0 
   2.93215  -0.628319    5.94331   0.312507 
   3.14159  -0.628319    39.6222   -4.31572 
  -3.14159  -0.418879    48.9074   -8.19027 
  -2.93215  -0.418879    33.3819   -8.40354 
  -2.72271  -0.418879    17.8119   -5.07401 
  -2.51327  -0.418879    3.72337   -7.07709 
  -2.30383  -0.418879    7.74045   -2.72479 
   -2.0944  -0.418879    8.51798   -3.05051 
  -1.88496  -0.418879    13.7283   -12.3423 
  -1.67552  -0.418879    12.6011   -9.77099 
  -1.46608  -0.418879    9.08253   -12.8735 
  -1.25664  -0.418879   -4.15761   -19.8682 
   -1.0472  -0.418879    -19.265    -21.457 
 -0.837758  -0.418879   -45.2696   -37.4176 
 -0.628319  -0.418879   -55.4228   -45.9126 
 -0.418879  -0.418879   -25.0298   -20.6754 
  -0.20944  -0.418879   -1.47909   -1.06281 
         0  -0.418879          0          0 
   0.20944  -0.418879          0          0 
  0.418879  -0.418879          0          0 
  0.628319  -0.418879          0          0 
  0.837758  -0.418879          0          0 
    1.0472  -0.418879    1.47551    1.84673 
   1.25664  -0.418879    1.48577   0.713428 
   1.46608  -0.418879    1.63995    3.55384 
   1.67552  -0.418879   0.887552  -0.887803 
   1.88496  -0.418879          0          0 
    2.0944  -0.418879          0          0 
   2.30383  -0.418879          0          0 
   2.51327  -0.418879          0          0 
   2.72271  -0.418879          0          0 
   2.93215  -0.418879     18.138   -1.96718 
   3.14159  -0.418879    48.9074   -8.19027 
  -3.14159   -0.20944    45.4421    -8.7861 
  -2.93215   -0.20944    34.3883   -14.1997 
  -2.72271   -0.20944    16.4583   -15.2163 
  -2.51327   -0.20944    8.21468   -4.46566 
  -2.30383   -0.20944    11.3016    5.84014 
   -2.0944   -0.20944    3.90581    1.27423 
  -1.88496   -0.20944    8.27129   -11.3999 
  -1.67552   -0.20944    3.53586   -6.11508 
  -1.46608   -0.20944    4.89843   -14.5578 
  -1.25664   -0.20944   -6.79343   -24.0926 
   -1.0472   -0.20944   -38.7082   -40.7666 
 -0.837758   -0.20944   -55.8482   -51.6612 
 -0.628319   -0.20944   -12.0387   -11.8169 
 -0.418879   -0.20944          0          0 
  -0.20944   -0.20944          0          0 
         0   -0.20944          0          0 
   0.20944   -0.20944          0          0 
  0.418879   -0.20944          0          0 
  0.628319   -0.20944          0          0 
  0.837758   -0.20944   0.295573   0.184466 
    1.0472   -0.20944    12.5917    19.2221 
   1.25664   -0.20944  0.0362264    41.2457 
   1.46608   -0.20944   -6.84617    14.5963 
   1.67552   -0.20944   -4.14624 -0.0299837 
   1.88496   -0.20944          0          0 
    2.0944   -0.20944          0          0 
   2.30383   -0.20944          0          0 
   2.51327   -0.20944          0          0 
   2.72271   -0.20944          0          0 
   2.93215   -0.20944    8.12265  -0.659237 
   3.14159   -0.20944    45.4421    -8.7861 
  -3.14159          0     23.259   -10.0689 
  -2.93215          0    53.1164   -7.71007 
  -2.72271          0    20.6272    8.57991 
  -2.51327          0    8.14575    6.34426 
  -2.30383          0    5.15304    9.69903 
   -2.0944          0    7.67708    3.51332 
  -1.88496          0    3.55247     1.6701 
  -1.67552          0    3.06171   -1.31136 
  -1.46608          0   0.220961   -14.5491 
  -1.25664          0    -20.846   -36.7953 
   -1.0472          0   -51.8656    -61.669 
 -0.837758          0   -21.6102   -24.2359 
 -0.628319          0          0          0 
 -0.418879          0          0          0 
  -0.20944          0          0          0 
         0          0          0          0 
   0.20944          0          0          0 
  0.418879          0          0          0 
  0.628319          0          0          0 
  0.837758          0    14.0312    15.1247 
    1.0472          0    19.9829    42.0697 
   1.25664          0   -14.9279    35.2826 
   1.46608          0   -40.2445    14.0927 
   1.67552          0   -7.79808    4.18341 
   1.88496          0          0          0 
    2.0944          0          0          0 
   2.30383          0          0          0 
   2.51327          0          0          0 
   2.72271          0          0          0 
   2.93215          0    2.84789   0.344947 
   3.14159          0     23.259   -10.0689 
  -3.14159    0.20944    15.1027   -1.05231 
  -2.93215    0.20944    38.2451   0.791715 
  -2.72271    0.20944    27.3648    13.3027 
  -2.51327    0.20944    11.0639    12.2221 
  -2.30383    0.20944  -0.454249    14.8412 
   -2.0944    0.20944  -0.927506    6.62718 
  -1.88496    0.20944   -5.50515    1.09477 
  -1.67552    0.20944   -13.1246   -6.00413 
  -1.46608    0.20944   -21.9603    -28.135 
  -1.25664    0.20944   -36.2182   -61.7917 
   -1.0472    0.20944   -8.76118    -6.6401 
 -0.837758    0.20944          0          0 
 -0.628319    0.20944          0          0 
 -0.418879    0.20944          0          0 
  -0.20944    0.20944          0          0 
         0    0.20944          0          0 
   0.20944    0.20944          0          0 
  0.418879    0.20944    1.18235    1.33373 
  0.628319    0.20944    18.8483    17.8412 
  0.837758    0.20944     36.275    45.7889 
    1.0472    0.20944    10.0713    37.0906 
   1.25664    0.20944   -30.9168    19.4482 
   1.46608    0.20944   -49.4409      19.31 
   1.67552    0.20944   -12.2561    3.21585 
   1.88496    0.20944          0          0 
    2.0944    0.20944          0          0 
   2.30383    0.20944          0          0 
   2.51327    0.20944          0          0 
   2.72271    0.20944          0          0 
   2.93215    0.20944          0          0 
   3.14159    0.20944    15.1027   -1.05231 
  -3.14159   0.418879    27.9033     7.7113 
  -2.93215   0.418879    35.7417    18.1915 
  -2.72271   0.418879    21.4267    17.1866 
  -2.51327   0.418879    10.1509    18.7588 
  -2.30383   0.418879    3.42973    12.4861 
   -2.0944   0.418879   -3.91991     8.6612 
  -1.88496   0.418879   -10.6691    9.97184 
  -1.67552   0.418879   -22.9505   -11.8695 
  -1.46608   0.418879   -37.7999   -24.6715 
  -1.25664   0.418879   -22.1586   -14.2231 
   -1.0472   0.418879          0          0 
 -0.837758   0.418879          0          0 
 -0.628319   0.418879          0          0 
 -0.418879   0.418879          0          0 
  -0.20944   0.418879          0          0 
         0   0.418879          0          0 
   0.20944   0.418879          0          0 
  0.418879   0.418879    19.4059    14.2388 
  0.628319   0.418879    53.7319    50.8079 
  0.837758   0.418879    22.5391    36.5423 
    1.0472   0.418879   -10.8996    21.8694 
   1.25664   0.418879   -33.6525    16.3107 
   1.46608   0.418879   -44.5585     14.403 
   1.67552   0.418879   -39.1143    11.4119 
   1.88496   0.418879          0          0 
    2.0944   0.418879          0          0 
   2.30383   0.418879          0          0 
   2.51327   0.418879          0          0 
   2.72271   0.418879          0          0 
   2.93215   0.418879    2.23191    1.00446 
   3.14159   0.418879    27.9033     7.7113 
  -3.14159   0.628319    54.8492    19.0533 
  -2.93215   0.628319    39.4002    17.6199 
  -2.72271   0.628319    22.8558    17.3341 
  -2.51327   0.628319    10.5853    17.5851 
  -2.30383   0.628319   -4.34265     6.2804 
   -2.0944   0.628319   -11.0659    11.0171 
  -1.88496   0.628319   -19.8516    10.6669 
  -1.67552   0.628319   -39.3141   -8.34559 
  -1.46608   0.628319    -61.188   -8.91193 
  -1.25664   0.628319   -9.10652   0.111077 
   -1.0472   0.628319          0          0 
 -0.837758   0.628319          0          0 
 -0.628319   0.628319          0          0 
 -0.418879   0.628319          0          0 
  -0.20944   0.628319          0          0 
         0   0.628319          0          0 
   0.20944   0.628319    9.96156    7.58136 
  0.418879   0.628319    65.4477     61.821 
  0.628319   0.628319    37.9309    28.3398 
  0.837758   0.628319    11.7438    19.5747 
    1.0472   0.628319   -18.3455    12.1424 
   1.25664   0.628319   -40.2372    10.1889 
   1.46608   0.628319   -51.2866    14.5974 
   1.67552   0.628319   -51.0655    16.6883 
   1.88496   0.628319   -9.11487   -1.00304 
    2.0944   0.628319  -0.581947  0.0912378 
   2.30383   0.628319          0          0 
   2.51327   0.628319          0          0 
   2.72271   0.628319          0          0 
   2.93215   0.628319    4.12403    2.80763 
   3.14159   0.628319    54.8492    19.0533 
  -3.14159   0.837758    59.7478    10.1396 
  -2.93215   0.837758    38.9196    10.9143 
  -2.72271   0.837758    21.8513    12.9937 
  -2.51327   0.837758    9.55646    18.4532 
  -2.30383   0.837758   -1.32757    6.65738 
   -2.0944   0.837758   -7.84991    6.25408 
  -1.88496   0.837758   -22.6638    1.44861 
  -1.67552   0.837758    -39.211   -1.46732 
  -1.46608   0.837758   -40.8093   -1.24945 
  -1.25664   0.837758   -1.30059 0.000708311 
   -1.0472   0.837758          0          0 
 -0.837758   0.837758          0          0 
 -0.628319   0.837758          0          0 
 -0.418879   0.837758          0          0 
  -0.20944   0.837758          0          0 
         0   0.837758   0.583193   0.603466 
   0.20944   0.837758    43.2777    28.0238 
  0.418879   0.837758    49.0187    36.3599 
  0.628319   0.837758    22.5598    13.9223 
  0.837758   0.837758    2.48482  -0.846756 
    1.0472   0.837758   -27.3461   -1.91869 
   1.25664   0.837758   -40.2467    6.54507 
   1.46608   0.837758   -56.9864    11.6447 
   1.67552   0.837758   -68.4965 -0.0652685 
   1.88496   0.837758   -6.01184   -5.04174 
    2.0944   0.837758          0          0 
   2.30383   0.837758          0          0 
   2.51327   0.837758          0          0 
   2.72271   0.837758          0          0 
   2.93215   0.837758    22.8707    1.86078 
   3.14159   0.837758    59.7478    10.1396 
  -3.14159     1.0472    50.4923   -1.39559 
  -2.93215     1.0472    32.7719    10.8618 
  -2.72271     1.0472    19.8092    16.2334 
  -2.51327     1.0472    13.7998    9.95293 
  -2.30383     1.0472    1.82467    3.29006 
   -2.0944     1.0472    -11.466    10.3042 
  -1.88496     1.0472   -23.7526    5.02423 
  -1.67552     1.0472   -40.4418     6.0733 
  -1.46608     1.0472   -24.9035    2.14267 
  -1.25664     1.0472   -1.88154    3.21808 
   -1.0472     1.0472          0          0 
 -0.837758     1.0472          0          0 
 -0.628319     1.0472          0          0 
 -0.418879     1.0472    2.59506    3.88513 
  -0.20944     1.0472    11.8634    14.5307 
         0     1.0472    61.3559    45.2165 
   0.20944     1.0472    42.8621    21.8687 
  0.418879     1.0472     34.329    9.55262 
  0.628319     1.0472    13.1778   -5.02127 
  0.837758     1.0472    2.60355   -1.11476 
    1.0472     1.0472    -26.876    -5.2354 
   1.25664     1.0472   -44.5016   -3.92117 
   1.46608     1.0472   -50.6171   -3.92587 
   1.67552     1.0472   -66.6818   -8.52345 
   1.88496     1.0472   -3.44782   -1.60703 
    2.0944     1.0472          0          0 
   2.30383     1.0472          0          0 
   2.51327     1.0472          0          0 
   2.72271     1.0472          0          0 
   2.93215     1.0472    17.6631  -0.825529 
   3.14159     1.0472    50.4923   -1.39559 
  -3.14159    1.25664    52.4257   -5.04982 
  -2.93215    1.25664    33.6925   -5.00678 
  -2.72271    1.25664    23.3427     2.5315 
  -2.51327    1.25664    8.66066   -2.80457 
  -2.30383    1.25664    1.99333    0.22164 
   -2.0944    1.25664   -6.53136    7.87655 
  -1.88496    1.25664   -18.7483    3.49274 
  -1.67552    1.25664   -32.3455    15.1167 
  -1.46608    1.25664   -40.3511    21.4172 
  -1.25664    1.25664   -3.79797    11.6579 
   -1.0472    1.25664   -1.29025    10.7049 
 -0.837758    1.25664    1.52633    19.3549 
 -0.628319    1.25664    2.53158    10.9178 
 -0.418879    1.25664    22.5525     27.749 
  -0.20944    1.25664    19.9156    22.6838 
         0    1.25664    34.4999    28.0211 
   0.20944    1.25664    24.5812    2.88951 
  0.418879    1.25664    22.0651   -2.48502 
  0.628319    1.25664     8.4269   -13.8166 
  0.837758    1.25664   -8.59683   -12.9183 
    1.0472    1.25664   -23.0306   -3.42652 
   1.25664    1.25664   -42.0052   -7.03863 
   1.46608    1.25664   -62.4961   -10.9413 
   1.67552    1.25664   -49.6604   -13.5796 
   1.88496    1.25664   -1.09095  -0.859786 
    2.0944    1.25664          0          0 
   2.30383    1.25664          0          0 
   2.51327    1.25664          0          0 
   2.72271    1.25664          0          0 
   2.93215    1.25664    7.14278   -1.14657 
   3.14159    1.25664    52.4257   -5.04982 
  -3.14159    1.46608    45.6853   -6.84511 
  -2.93215    1.46608    34.0371   -3.67148 
  -2.72271    1.46608     18.797    2.20734 
  -2.51327    1.46608    6.66769    3.11961 
  -2.30383    1.46608    2.11064   -5.46737 
   -2.0944    1.46608   -8.58959   0.665932 
  -1.88496    1.46608   -14.8368    4.39889 
  -1.67552    1.46608   -24.7584    14.9792 
  -1.46608    1.46608   -25.4569    28.3559 
  -1.25664    1.46608   -2.45469    46.4722 
   -1.0472    1.46608    7.37019    61.8135 
 -0.837758    1.46608    8.42323    59.8879 
 -0.628319    1.46608    3.22405    50.0769 
 -0.418879    1.46608    7.02292    33.5709 
  -0.20944    1.46608     14.027    18.1682 
         0    1.46608    11.6857    4.12562 
   0.20944    1.46608    16.6944   -3.15326 
  0.418879    1.46608    17.3392   -13.3337 
  0.628319    1.46608     6.6508   -17.1798 
  0.837758    1.46608   -3.83479   -19.6151 
    1.0472    1.46608   -14.1605   -6.33433 
   1.25664    1.46608   -35.3004   -7.36195 
   1.46608    1.46608   -53.4748   -17.4577 
   1.67552    1.46608   -17.1821   -2.63635 
   1.88496    1.46608          0          0 
    2.0944    1.46608          0          0 
   2.30383    1.46608          0          0 
   2.51327    1.46608          0          0 
   2.72271    1.46608          0          0 
   2.93215    1.46608    7.86253   -3.92209 
   3.14159    1.46608    45.6853   -6.84511 
  -3.14159    1.67552    33.9932   -12.0926 
  -2.93215    1.67552    26.0707    10.3115 
  -2.72271    1.67552     16.594     7.6811 
  -2.51327    1.67552    8.47099    4.22756 
  -2.30383    1.67552   -1.65677    4.34968 
   -2.0944    1.67552   -1.40414   0.606128 
  -1.88496    1.67552   -4.83314     10.874 
  -1.67552    1.67552   -9.29657    4.82518 
  -1.46608    1.67552    -6.7014     24.509 
  -1.25664    1.67552   -6.69013    35.2443 
   -1.0472    1.67552    2.52423    45.6692 
 -0.837758    1.67552     -4.364    41.7823 
 -0.628319    1.67552   -7.72506    29.3142 
 -0.418879    1.67552   -7.75823    22.0573 
  -0.20944    1.67552   -4.31212    11.0441 
         0    1.67552  -0.591046    3.16094 
   0.20944    1.67552    5.64898   -5.71958 
  0.418879    1.67552    11.9926   -16.2863 
  0.628319    1.67552    10.2492   -25.0707 
  0.837758    1.67552   -7.46722   -25.0641 
    1.0472    1.67552   -15.3564   -11.1065 
   1.25664    1.67552   -40.0983   -9.25161 
   1.46608    1.67552   -55.5683     -14.75 
   1.67552    1.67552   -24.8965   0.637637 
   1.88496    1.67552          0          0 
    2.0944    1.67552          0          0 
   2.30383    1.67552          0          0 
   2.51327    1.67552          0          0 
   2.72271    1.67552          0          0 
   2.93215    1.67552          0          0 
   3.14159    1.67552    33.9932   -12.0926 
  -3.14159    1.88496    33.0239    11.5912 
  -2.93215    1.88496    25.6819     15.803 
  -2.72271    1.88496    10.8269       2.91 
  -2.51327    1.88496    9.17576    8.02904 
  -2.30383    1.88496    1.00788    1.99094 
   -2.0944    1.88496    5.31043    6.94148 
  -1.88496    1.88496   -2.13021    9.59218 
  -1.67552    1.88496   -3.34458    8.83121 
  -1.46608    1.88496   -2.44048     19.196 
  -1.25664    1.88496   -5.57695     16.879 
   -1.0472    1.88496   -7.36822    26.0752 
 -0.837758    1.88496   -8.13205    28.9598 
 -0.628319    1.88496   -12.3619     19.644 
 -0.418879    1.88496   -19.2729    14.1032 
  -0.20944    1.88496   -15.2363    9.12662 
         0    1.88496    -10.168   -1.81751 
   0.20944    1.88496    -2.2421   -8.38395 
  0.418879    1.88496  -0.628648   -20.2143 
  0.628319    1.88496    15.2826   -21.5661 
  0.837758    1.88496    2.33011   -22.9225 
    1.0472    1.88496   -11.1478   -4.79302 
   1.25664    1.88496    -33.209    4.51197 
   1.46608    1.88496   -49.9137   -4.31501 
   1.67552    1.88496    -13.143   -1.68868 
   1.88496    1.88496          0          0 
    2.0944    1.88496          0          0 
   2.30383    1.88496          0          0 
   2.51327    1.88496          0          0 
   2.72271    1.88496          0          0 
   2.93215    1.88496   0.451037  0.0585236 
   3.14159    1.88496    33.0239    11.5912 
  -3.14159     2.0944     45.274    23.3827 
  -2.93215     2.0944    34.7601    17.6737 
  -2.72271     2.0944    18.5667    12.8223 
  -2.51327     2.0944    2.64872    17.1464 
  -2.30383     2.0944    1.05955    11.8161 
   -2.0944     2.0944    1.29501    9.93742 
  -1.88496     2.0944    1.25848    3.54176 
  -1.67552     2.0944    4.96166    7.51101 
  -1.46608     2.0944    2.58198    9.88282 
  -1.25664     2.0944   -1.54458    11.2275 
   -1.0472     2.0944   -7.31008     13.282 
 -0.837758     2.0944   -18.5826    14.2095 
 -0.628319     2.0944   -23.4109    8.12481 
 -0.418879     2.0944   -26.6064    7.06082 
  -0.20944     2.0944   -26.0044    5.60231 
         0     2.0944    -23.847   -9.36039 
   0.20944     2.0944   -14.1725    -18.091 
  0.418879     2.0944     4.2838   -26.0089 
  0.628319     2.0944    14.8151   -19.4688 
  0.837758     2.0944    12.7612   -5.87837 
    1.0472     2.0944   0.595245     6.8774 
   1.25664     2.0944   -23.3173    16.1084 
   1.46608     2.0944   -45.9175    15.9421 
   1.67552     2.0944    -56.304    24.7858 
   1.88496     2.0944   -5.99984    6.17316 
    2.0944     2.0944          0          0 
   2.30383     2.0944          0          0 
   2.51327     2.0944          0          0 
   2.72271     2.0944          0          0 
   2.93215     2.0944    13.6505    7.68187 
   3.14159     2.0944     45.274    23.3827 
  -3.14159    2.30383    31.7429    15.3445 
  -2.93215    2.30383    28.7477    25.1018 
  -2.72271    2.30383    11.1367    20.8523 
  -2.51327    2.30383    3.26006    19.4542 
  -2.30383    2.30383   -3.68402    16.7628 
   -2.0944    2.30383   -5.89268    14.5443 
  -1.88496    2.30383    2.99958    11.7771 
  -1.67552    2.30383    10.3608     17.101 
  -1.46608    2.30383    4.85312    15.0087 
  -1.25664    2.30383    1.23697    7.94246 
   -1.0472    2.30383   -9.58544    6.85572 
 -0.837758    2.30383    -16.926    14.9026 
 -0.628319    2.30383   -28.7627    8.36096 
 -0.418879    2.30383   -32.0459    4.59574 
  -0.20944    2.30383   -28.4751   -9.52498 
         0    2.30383   -29.1154   -18.3742 
   0.20944    2.30383   -15.8908   -6.04021 
  0.418879    2.30383    16.3601   -5.07555 
  0.628319    2.30383     32.265   0.997408 
  0.837758    2.30383    23.4473    13.2698 
    1.0472    2.30383    4.74121    17.8771 
   1.25664    2.30383   -23.6035    13.9384 
   1.46608    2.30383     -45.65    13.1407 
   1.67552    2.30383    -52.447    23.1773 
   1.88496    2.30383   -12.5266   -2.81715 
    2.0944    2.30383          0          0 
   2.30383    2.30383          0          0 
   2.51327    2.30383          0          0 
   2.72271    2.30383          0          0 
   2.93215    2.30383    41.4032    1.83827 
   3.14159    2.30383    31.7429    15.3445 
  -3.14159    2.51327    50.1984    8.45979 
  -2.93215    2.51327    26.8489    14.1865 
  -2.72271    2.51327    12.1316    14.8947 
  -2.51327    2.51327   -1.89564    10.9842 
  -2.30383    2.51327   -5.08287     5.2326 
   -2.0944    2.51327   -5.91743    10.4647 
  -1.88496    2.51327  -0.829942    6.46099 
  -1.67552    2.51327     6.0893    6.14451 
  -1.46608    2.51327    3.72407    2.51868 
  -1.25664    2.51327    5.92627    4.14515 
   -1.0472    2.51327   -8.27622    4.80694 
 -0.837758    2.51327   -23.1157    1.25143 
 -0.628319    2.51327   -32.8236    5.44747 
 -0.418879    2.51327   -35.6932   0.148003 
  -0.20944    2.51327   -39.1758   -9.58079 
         0    2.51327   -40.1896   -22.8717 
   0.20944    2.51327   -12.0025   -20.4372 
  0.418879    2.51327    32.5462   -10.4862 
  0.628319    2.51327     37.926  -0.238608 
  0.837758    2.51327    30.5285    9.89252 
    1.0472    2.51327    5.19163    4.43618 
   1.25664    2.51327   -18.0071    19.8339 
   1.46608    2.51327   -41.2136    6.10304 
   1.67552    2.51327   -62.1704    7.81208 
   1.88496    2.51327   -11.9355   0.255624 
    2.0944    2.51327          0          0 
   2.30383    2.51327          0          0 
   2.51327    2.51327          0          0 
   2.72271    2.51327    13.2468    11.7082 
   2.93215    2.51327    57.3334    14.6342 
   3.14159    2.51327    50.1984    8.45979 
  -3.14159    2.72271    49.2801   -8.79064 
  -2.93215    2.72271    27.4044   -5.48212 
  -2.72271    2.72271    14.0339   -1.71023 
  -2.51327    2.72271   -2.89923   -6.44904 
  -2.30383    2.72271   -1.38382   -7.09981 
   -2.0944    2.72271   -2.54432   -5.70908 
  -1.88496    2.72271   -1.57647   -4.85437 
  -1.67552    2.72271    6.33438   -8.17187 
  -1.46608    2.72271    5.90634   -7.34615 
  -1.25664    2.72271   -0.18983   -10.6015 
   -1.0472    2.72271   -11.1875   -11.4173 
 -0.837758    2.72271   -22.5769   -13.4675 
 -0.628319    2.72271   -33.6976   -14.8159 
 -0.418879    2.72271   -46.8166   -26.1658 
  -0.20944    2.72271   -48.5109   -30.5401 
         0    2.72271   -27.0128   -23.2498 
   0.20944    2.72271    8.24918   -4.41259 
  0.418879    2.72271    53.6422   -4.61308 
  0.628319    2.72271    55.7578    4.66467 
  0.837758    2.72271    28.7541   -3.33652 
    1.0472    2.72271    4.29081   -3.39697 
   1.25664    2.72271    -24.163  -0.744956 
   1.46608    2.72271   -49.7857   -6.00523 
   1.67552    2.72271   -60.6118    7.00012 
   1.88496    2.72271   -12.0839  -0.422375 
    2.0944    2.72271          0          0 
   2.30383    2.72271          0          0 
   2.51327    2.72271    5.53272    2.61478 
   2.72271    2.72271    52.5333    8.60565 
   2.93215    2.72271    58.1193    3.23741 
   3.14159    2.72271    49.2801   -8.79064 
  -3.14159    2.93215    50.9975   -16.2665 
  -2.93215    2.93215    25.2502   -16.3419 
  -2.72271    2.93215    6.82765   -16.4476 
  -2.51327    2.93215    1.12317   -20.4298 
  -2.30383    2.93215   -6.43748   -23.3469 
   -2.0944    2.93215   -4.41741   -21.6753 
  -1.88496    2.93215  -0.516742   -18.9757 
  -1.67552    2.93215     5.6413   -22.4846 
  -1.46608    2.93215    6.07343   -25.8483 
  -1.25664    2.93215   -5.03051   -27.8073 
   -1.0472    2.93215   -21.6332   -37.7297 
 -0.837758    2.93215   -41.2968   -43.0906 
 -0.628319    2.93215   -53.5499   -45.7281 
 -0.418879    2.93215   -59.6661   -50.3813 
  -0.20944    2.93215    -72.174   -60.6234 
         0    2.93215   -2.63388   -3.60374 
   0.20944    2.93215    7.37649   -1.29654 
  0.418879    2.93215    61.9083   -9.34874 
  0.628319    2.93215    47.9979   -8.93365 
  0.837758    2.93215    26.0452   -16.5454 
    1.0472    2.93215    1.32134    -18.286 
   1.25664    2.93215   -24.2451   -15.2182 
   1.46608    2.93215    -59.141   -22.5559 
   1.67552    2.93215   -65.8578   -27.1045 
   1.88496    2.93215   -1.31322  -0.737248 
    2.0944    2.93215          0          0 
   2.30383    2.93215          0          0 
   2.51327    2.93215          0          0 
   2.72271    2.93215    38.2969   -13.5191 
   2.93215    2.93215    54.1704   -22.7107 
   3.14159    2.93215    50.9975   -16.2665 
  -3.14159    3.14159    50.5817   -39.0709 
  -2.93215    3.14159    26.4044   -29.7365 
  -2.72271    3.14159    8.83207   -36.8734 
  -2.51327    3.14159     1.6057   -42.0833 
  -2.30383    3.14159   -8.64283   -34.1173 
   -2.0944    3.14159   -4.93629    -27.051 
  -1.88496    3.14159      1.694   -31.1055 
  -1.67552    3.14159    9.25056   -35.9791 
  -1.46608    3.14159    3.25735   -39.8083 
  -1.25664    3.14159   -8.43355   -45.7415 
   -1.0472    3.14159   -31.1822   -49.0939 
 -0.837758    3.14159   -46.6012   -56.8573 
 -0.628319    3.14159   -61.2646   -68.1048 
 -0.418879    3.14159   -64.2489   -70.3867 
  -0.20944    3.14159   -1.34273   -1.55861 
         0    3.14159          0          0 
   0.20944    3.14159    3.62655   -1.94943 
  0.418879    3.14159    60.8516   -1.60687 
  0.628319    3.14159    52.6866   -9.30753 
  0.837758    3.14159    27.6409   -19.5672 
    1.0472    3.14159   -4.36002   -21.7366 
   1.25664    3.14159   -35.8745    -25.386 
   1.46608    3.14159   -53.6309   -29.8666 
   1.67552    3.14159   -24.8751   -13.5101 
   1.88496    3.14159          0          0 
    2.0944    3.14159          0          0 
   2.30383    3.14159          0          0 
   2.51327    3.14159          0          0 
   2.72271    3.14159    9.22049    -4.6515 
   2.93215    3.14159    54.7272   -43.5196 
   3.14159    3.14159    50.5817   -39.0709 


