
Iteration: 10000000
Printing out the current Adaptive Biasing Vector Field.
First (Nr of CVs) columns are the coordinates, the next (Nr of CVs) columns are components of the Adaptive Force vector at that point.
The columns are 961 long, mapping out a surface of 31 by 31 points in 2 dimensions.

  -3.14159   -3.14159    47.7172   -39.0856 
  -2.93215   -3.14159    26.7228   -33.1148 
  -2.72271   -3.14159    11.2721   -35.9091 
  -2.51327   -3.14159    1.41826   -41.1381 
  -2.30383   -3.14159   -6.22061   -32.7931 
   -2.0944   -3.14159   -4.16277   -33.1176 
  -1.88496   -3.14159   0.182668   -34.6181 
  -1.67552   -3.14159     7.2639    -37.179 
  -1.46608   -3.14159   0.712666   -39.1304 
  -1.25664   -3.14159    -9.5377   -43.4472 
   -1.0472   -3.14159   -29.2889   -48.4443 
 -0.837758   -3.14159   -48.1233   -58.0192 
 -0.628319   -3.14159    -61.262   -66.6668 
 -0.418879   -3.14159   -64.0978   -73.3801 
  -0.20944   -3.14159   -55.3719   -72.1734 
         0   -3.14159   0.498626   -49.7099 
   0.20944   -3.14159    55.5624   -21.0338 
  0.418879   -3.14159    66.8598    -11.525 
  0.628319   -3.14159    53.8162   -13.5093 
  0.837758   -3.14159    28.1026   -19.3399 
    1.0472   -3.14159   -6.59347   -25.2587 
   1.25664   -3.14159   -38.1309   -29.7196 
   1.46608   -3.14159   -53.2422   -29.1037 
   1.67552   -3.14159    -56.628    -28.748 
   1.88496   -3.14159   -46.0795   -33.5082 
    2.0944   -3.14159   -22.3241   -29.0323 
   2.30383   -3.14159    6.97471   -37.3893 
   2.51327   -3.14159    41.1744   -41.8368 
   2.72271   -3.14159    55.5611   -40.1039 
   2.93215   -3.14159    57.0871   -38.0168 
   3.14159   -3.14159    47.7172   -39.0856 
  -3.14159   -2.93215    48.7375   -33.9459 
  -2.93215   -2.93215    29.6724   -35.8566 
  -2.72271   -2.93215    14.7425   -40.5675 
  -2.51327   -2.93215   -1.34986   -41.9387 
  -2.30383   -2.93215   -9.69481   -37.0808 
   -2.0944   -2.93215  -0.825951   -47.4778 
  -1.88496   -2.93215    4.90718   -39.4289 
  -1.67552   -2.93215    5.38333   -39.4646 
  -1.46608   -2.93215    1.00064   -41.9547 
  -1.25664   -2.93215   -13.5582   -49.4688 
   -1.0472   -2.93215   -31.2456    -53.129 
 -0.837758   -2.93215   -51.5263   -64.1553 
 -0.628319   -2.93215   -67.8502   -68.4614 
 -0.418879   -2.93215   -60.2844   -69.2454 
  -0.20944   -2.93215   -26.2575   -50.1872 
         0   -2.93215    37.4836   -21.4788 
   0.20944   -2.93215    62.3921   -6.72109 
  0.418879   -2.93215    60.7122   -5.57859 
  0.628319   -2.93215    47.1983   -9.01541 
  0.837758   -2.93215     20.966   -19.7561 
    1.0472   -2.93215   -10.3445   -25.9114 
   1.25664   -2.93215   -36.0821   -32.0358 
   1.46608   -2.93215   -53.0563   -26.1031 
   1.67552   -2.93215   -56.4836   -22.3534 
   1.88496   -2.93215   -43.8972   -19.2142 
    2.0944   -2.93215   -24.7608   -20.3964 
   2.30383   -2.93215    10.7563   -26.6464 
   2.51327   -2.93215    36.4787   -24.9627 
   2.72271   -2.93215    59.7832   -33.9577 
   2.93215   -2.93215    61.0867   -38.4331 
   3.14159   -2.93215    48.7375   -33.9459 
  -3.14159   -2.72271    52.5578   -23.5839 
  -2.93215   -2.72271    33.3758   -29.6667 
  -2.72271   -2.72271    17.9475   -40.1673 
  -2.51327   -2.72271    5.61311   -38.9959 
  -2.30383   -2.72271   -3.55529   -35.4143 
   -2.0944   -2.72271   -3.99449    -33.092 
  -1.88496   -2.72271     1.7007   -37.8461 
  -1.67552   -2.72271    3.05706   -36.5629 
  -1.46608   -2.72271   -5.61353   -34.4051 
  -1.25664   -2.72271   -17.8054   -42.1712 
   -1.0472   -2.72271   -42.6593   -45.7796 
 -0.837758   -2.72271   -57.9236   -44.2591 
 -0.628319   -2.72271   -59.7331   -38.6788 
 -0.418879   -2.72271   -42.5498   -29.5009 
  -0.20944   -2.72271     1.1713   -8.73033 
         0   -2.72271     42.056    8.88151 
   0.20944   -2.72271    55.7713    7.12322 
  0.418879   -2.72271    54.5821    1.74207 
  0.628319   -2.72271    39.8639   -6.99523 
  0.837758   -2.72271    14.1381   -16.2788 
    1.0472   -2.72271   -14.2255   -19.7572 
   1.25664   -2.72271   -45.3515   -21.8943 
   1.46608   -2.72271   -54.3937   -19.0934 
   1.67552   -2.72271   -57.9212   -15.5946 
   1.88496   -2.72271    -48.079   -13.4897 
    2.0944   -2.72271   -25.3109   -14.1627 
   2.30383   -2.72271    8.55852   -19.3651 
   2.51327   -2.72271    42.1624    -26.907 
   2.72271   -2.72271    57.9652   -26.0098 
   2.93215   -2.72271    63.1838   -27.2408 
   3.14159   -2.72271    52.5578   -23.5839 
  -3.14159   -2.51327    52.3335   -17.6954 
  -2.93215   -2.51327    35.7205   -20.7662 
  -2.72271   -2.51327    19.8581   -30.0784 
  -2.51327   -2.51327    4.33075   -23.4482 
  -2.30383   -2.51327   -0.28529   -19.9405 
   -2.0944   -2.51327   -5.95105   -19.2137 
  -1.88496   -2.51327  -0.935674   -24.9496 
  -1.67552   -2.51327   -1.02355   -24.6657 
  -1.46608   -2.51327   -7.73795    -25.961 
  -1.25664   -2.51327   -23.3302   -28.2071 
   -1.0472   -2.51327   -43.7709   -26.0281 
 -0.837758   -2.51327   -55.3866   -21.4242 
 -0.628319   -2.51327   -51.4945   -14.6887 
 -0.418879   -2.51327   -23.0599    6.90835 
  -0.20944   -2.51327    22.8849    23.4044 
         0   -2.51327    44.4701    20.9531 
   0.20944   -2.51327    52.5078    16.2465 
  0.418879   -2.51327     48.156    6.90771 
  0.628319   -2.51327    31.6454   -4.12545 
  0.837758   -2.51327    7.57017    -12.208 
    1.0472   -2.51327   -17.0997   -10.4701 
   1.25664   -2.51327   -40.3421    -12.238 
   1.46608   -2.51327   -53.3496   -14.0305 
   1.67552   -2.51327   -58.2691   -7.31098 
   1.88496   -2.51327   -52.3732   -9.71273 
    2.0944   -2.51327   -28.1471   -7.72243 
   2.30383   -2.51327    4.46624   -9.53104 
   2.51327   -2.51327    37.6288   -18.5519 
   2.72271   -2.51327    56.4873   -18.1891 
   2.93215   -2.51327    63.8274   -18.7322 
   3.14159   -2.51327    52.3335   -17.6954 
  -3.14159   -2.30383    51.9289   -9.06941 
  -2.93215   -2.30383    38.5139   -11.4056 
  -2.72271   -2.30383    17.9655   -18.0321 
  -2.51327   -2.30383    5.10846   -17.9583 
  -2.30383   -2.30383  -0.565393   -15.7981 
   -2.0944   -2.30383   -1.24554   -12.0694 
  -1.88496   -2.30383    1.32567   -13.0665 
  -1.67552   -2.30383  -0.212407    -14.415 
  -1.46608   -2.30383   -7.55657   -14.5608 
  -1.25664   -2.30383   -24.9925    -12.378 
   -1.0472   -2.30383   -37.9829   -6.24472 
 -0.837758   -2.30383   -46.7627    -2.0953 
 -0.628319   -2.30383   -36.0902     10.641 
 -0.418879   -2.30383   -5.05469    29.3422 
  -0.20944   -2.30383    20.9268    31.4833 
         0   -2.30383    39.0057    24.0669 
   0.20944   -2.30383    44.1985    16.6901 
  0.418879   -2.30383    41.5655    8.40763 
  0.628319   -2.30383     27.082   -1.09394 
  0.837758   -2.30383    4.54085    -10.016 
    1.0472   -2.30383   -20.4892   -9.52229 
   1.25664   -2.30383   -41.2831   -9.31149 
   1.46608   -2.30383   -54.9036   -8.69983 
   1.67552   -2.30383   -60.5609    2.37449 
   1.88496   -2.30383   -50.1477   -6.12788 
    2.0944   -2.30383   -31.9926   -5.83879 
   2.30383   -2.30383    2.39764   -10.3684 
   2.51327   -2.30383    32.2901   -9.84913 
   2.72271   -2.30383    51.5191   -8.73925 
   2.93215   -2.30383    57.7501   -8.74788 
   3.14159   -2.30383    51.9289   -9.06941 
  -3.14159    -2.0944    52.5077   -2.64172 
  -2.93215    -2.0944    38.6306  -0.359844 
  -2.72271    -2.0944    22.8883   -6.13784 
  -2.51327    -2.0944    7.04922   -11.4188 
  -2.30383    -2.0944   0.779858   -8.26814 
   -2.0944    -2.0944   0.657078   -6.39664 
  -1.88496    -2.0944    1.63719   -8.84698 
  -1.67552    -2.0944 -0.0771037   -3.88592 
  -1.46608    -2.0944    -4.4834   -5.12086 
  -1.25664    -2.0944     -19.96   -2.14833 
   -1.0472    -2.0944   -32.3785    6.00818 
 -0.837758    -2.0944    -37.213    11.5735 
 -0.628319    -2.0944   -24.3146    28.2346 
 -0.418879    -2.0944   -1.83553    33.3302 
  -0.20944    -2.0944    18.0847    34.8269 
         0    -2.0944    34.4076    26.7526 
   0.20944    -2.0944    38.3496     15.847 
  0.418879    -2.0944    33.4216    10.0214 
  0.628319    -2.0944    22.1356    2.00657 
  0.837758    -2.0944    4.45406   -4.73877 
    1.0472    -2.0944   -16.7404   -7.52861 
   1.25664    -2.0944    -36.992    -4.3333 
   1.46608    -2.0944   -49.0878   -0.74519 
   1.67552    -2.0944   -56.3247    4.39332 
   1.88496    -2.0944   -49.1721    2.64639 
    2.0944    -2.0944   -30.2027   -4.23641 
   2.30383    -2.0944    3.07965   -6.37603 
   2.51327    -2.0944    31.2163  -0.566286 
   2.72271    -2.0944    47.9031   -1.71238 
   2.93215    -2.0944    53.8761    1.45194 
   3.14159    -2.0944    52.5077   -2.64172 
  -3.14159   -1.88496    47.9448    5.25954 
  -2.93215   -1.88496    36.4646    7.44643 
  -2.72271   -1.88496    22.6562    7.14673 
  -2.51327   -1.88496    10.3439    2.97705 
  -2.30383   -1.88496   0.402214    3.41547 
   -2.0944   -1.88496    0.45329    2.75777 
  -1.88496   -1.88496  0.0605618    1.43141 
  -1.67552   -1.88496   0.727696    3.79607 
  -1.46608   -1.88496   -5.61136    4.48426 
  -1.25664   -1.88496   -17.2741    7.42569 
   -1.0472   -1.88496   -25.5117    17.4951 
 -0.837758   -1.88496   -28.0905    28.2737 
 -0.628319   -1.88496    -17.782    36.8308 
 -0.418879   -1.88496    -2.3855    38.2703 
  -0.20944   -1.88496    9.31212    36.7579 
         0   -1.88496      17.97    22.6904 
   0.20944   -1.88496    24.0635    14.6221 
  0.418879   -1.88496    25.5053    7.19671 
  0.628319   -1.88496    18.8251   -1.56262 
  0.837758   -1.88496    6.24053    -4.8225 
    1.0472   -1.88496   -14.3625    -6.3905 
   1.25664   -1.88496   -34.5376  -0.777736 
   1.46608   -1.88496   -47.4943    4.60161 
   1.67552   -1.88496   -50.8252    4.00841 
   1.88496   -1.88496   -43.1845    3.84668 
    2.0944   -1.88496   -22.6335   0.763412 
   2.30383   -1.88496    5.69888    2.88046 
   2.51327   -1.88496    29.0655    9.45121 
   2.72271   -1.88496    50.6491    3.13322 
   2.93215   -1.88496    51.5952    6.42034 
   3.14159   -1.88496    47.9448    5.25954 
  -3.14159   -1.67552     45.664    14.1046 
  -2.93215   -1.67552    31.5605    13.6602 
  -2.72271   -1.67552    20.7004    19.5591 
  -2.51327   -1.67552    9.67687    13.3162 
  -2.30383   -1.67552    1.13981    13.0818 
   -2.0944   -1.67552  -0.721139    12.7197 
  -1.88496   -1.67552 -0.00832276    10.9278 
  -1.67552   -1.67552    2.10944    12.3578 
  -1.46608   -1.67552   -5.44653      9.709 
  -1.25664   -1.67552   -12.0903     17.164 
   -1.0472   -1.67552   -18.4659    29.0694 
 -0.837758   -1.67552   -21.7412    35.8702 
 -0.628319   -1.67552   -17.3336    38.7489 
 -0.418879   -1.67552   -5.11861    44.0178 
  -0.20944   -1.67552    3.14914    37.1542 
         0   -1.67552    12.5502    22.6058 
   0.20944   -1.67552    17.1661    14.1677 
  0.418879   -1.67552    16.9322   -1.84048 
  0.628319   -1.67552    14.5267   -8.93753 
  0.837758   -1.67552     2.8159   -11.2285 
    1.0472   -1.67552   -14.4871    -6.7815 
   1.25664   -1.67552   -34.3735    2.27013 
   1.46608   -1.67552   -48.7186    3.98929 
   1.67552   -1.67552   -49.6319    1.59709 
   1.88496   -1.67552   -40.5401     10.974 
    2.0944   -1.67552   -32.6185    21.7347 
   2.30383   -1.67552   -4.19191    14.2702 
   2.51327   -1.67552    20.1902    25.9261 
   2.72271   -1.67552    40.8551    19.8865 
   2.93215   -1.67552    50.4843    13.8031 
   3.14159   -1.67552     45.664    14.1046 
  -3.14159   -1.46608    46.8017    23.4784 
  -2.93215   -1.46608    30.1231    26.2535 
  -2.72271   -1.46608    14.8881    28.8223 
  -2.51327   -1.46608     4.6697    20.0126 
  -2.30383   -1.46608  -0.340253    17.4992 
   -2.0944   -1.46608  0.0895237    17.6389 
  -1.88496   -1.46608     5.8756    20.1626 
  -1.67552   -1.46608    9.87211    22.9797 
  -1.46608   -1.46608    2.07949    20.7914 
  -1.25664   -1.46608   0.312632    35.1452 
   -1.0472   -1.46608   -7.42284    36.9329 
 -0.837758   -1.46608   -12.0086    38.8226 
 -0.628319   -1.46608    -13.166    41.6547 
 -0.418879   -1.46608   -8.67777    39.0855 
  -0.20944   -1.46608   -5.89702    27.9277 
         0   -1.46608  -0.868123    16.1254 
   0.20944   -1.46608    3.88598    1.35505 
  0.418879   -1.46608    6.98312   -9.55949 
  0.628319   -1.46608    9.14136   -14.6339 
  0.837758   -1.46608    6.90225   -11.3712 
    1.0472   -1.46608   -11.5802   -3.15667 
   1.25664   -1.46608   -34.2154    2.27174 
   1.46608   -1.46608    -47.022    3.54105 
   1.67552   -1.46608   -44.9791     4.6254 
   1.88496   -1.46608   -39.0593    10.1225 
    2.0944   -1.46608   -35.1406    16.8829 
   2.30383   -1.46608   -1.69963    25.4033 
   2.51327   -1.46608    19.1969     34.819 
   2.72271   -1.46608    42.6445    35.3079 
   2.93215   -1.46608    48.8373    28.5724 
   3.14159   -1.46608    46.8017    23.4784 
  -3.14159   -1.25664    48.5689     26.197 
  -2.93215   -1.25664    28.5589    25.1387 
  -2.72271   -1.25664    16.3075     22.029 
  -2.51327   -1.25664    4.23569    16.9831 
  -2.30383   -1.25664   -2.09843    15.6832 
   -2.0944   -1.25664   0.997951    15.0826 
  -1.88496   -1.25664    9.44108    18.2826 
  -1.67552   -1.25664    7.91354    20.3008 
  -1.46608   -1.25664    5.16445    22.0776 
  -1.25664   -1.25664    5.14167    33.4485 
   -1.0472   -1.25664    -4.0718     34.893 
 -0.837758   -1.25664   -10.0814    35.2892 
 -0.628319   -1.25664   -12.3803    37.3648 
 -0.418879   -1.25664     -13.73    30.3555 
  -0.20944   -1.25664   -11.5693      16.26 
         0   -1.25664   -13.9004   -2.84483 
   0.20944   -1.25664   -10.5948   -12.4953 
  0.418879   -1.25664    3.35824   -17.3095 
  0.628319   -1.25664    16.9298   -10.5446 
  0.837758   -1.25664    14.4145   -2.21572 
    1.0472   -1.25664   -4.29656    2.52774 
   1.25664   -1.25664   -29.4799    5.10342 
   1.46608   -1.25664   -48.6726    3.38846 
   1.67552   -1.25664   -37.7247    5.30801 
   1.88496   -1.25664   -31.4501     6.2925 
    2.0944   -1.25664    -25.786    12.5297 
   2.30383   -1.25664    3.06777    25.2151 
   2.51327   -1.25664    27.8955    30.9927 
   2.72271   -1.25664    46.6349    36.7714 
   2.93215   -1.25664    49.3265    31.0138 
   3.14159   -1.25664    48.5689     26.197 
  -3.14159    -1.0472    39.5531    20.2441 
  -2.93215    -1.0472    28.2088    19.7362 
  -2.72271    -1.0472    12.2466    14.4471 
  -2.51327    -1.0472    2.06753    11.1566 
  -2.30383    -1.0472   -4.22525    13.7106 
   -2.0944    -1.0472  -0.385461    10.5017 
  -1.88496    -1.0472    4.64356    17.2073 
  -1.67552    -1.0472    7.91945    19.0672 
  -1.46608    -1.0472    9.01199    19.1143 
  -1.25664    -1.0472    5.89724    24.2968 
   -1.0472    -1.0472  -0.903334    26.7814 
 -0.837758    -1.0472   -10.2504    24.4508 
 -0.628319    -1.0472   -18.7098    19.7749 
 -0.418879    -1.0472   -27.7619    6.64882 
  -0.20944    -1.0472   -29.0746   -5.79444 
         0    -1.0472   -26.6447   -17.1447 
   0.20944    -1.0472   -11.3734   -20.3674 
  0.418879    -1.0472    15.1328   -9.56729 
  0.628319    -1.0472    30.3188   0.210536 
  0.837758    -1.0472    24.0711    2.44155 
    1.0472    -1.0472    3.21754    5.78172 
   1.25664    -1.0472   -24.6587    6.69431 
   1.46608    -1.0472   -43.5556    1.78027 
   1.67552    -1.0472    -34.633  -0.211064 
   1.88496    -1.0472   -24.6582    4.25958 
    2.0944    -1.0472    -21.684    8.80025 
   2.30383    -1.0472    7.73739    18.2348 
   2.51327    -1.0472    28.6254    26.4469 
   2.72271    -1.0472     50.284    23.4886 
   2.93215    -1.0472    51.3927    19.7715 
   3.14159    -1.0472    39.5531    20.2441 
  -3.14159  -0.837758    40.6202    8.54734 
  -2.93215  -0.837758    26.6865    9.28093 
  -2.72271  -0.837758    11.1971    5.56727 
  -2.51327  -0.837758   -2.50583    6.95187 
  -2.30383  -0.837758   -5.91093    4.03752 
   -2.0944  -0.837758    4.22069    9.30417 
  -1.88496  -0.837758    4.87813    8.18712 
  -1.67552  -0.837758     10.323    11.0691 
  -1.46608  -0.837758     9.0025    9.90581 
  -1.25664  -0.837758     8.1499    13.9075 
   -1.0472  -0.837758   -3.08695    12.3539 
 -0.837758  -0.837758   -16.6184    7.42762 
 -0.628319  -0.837758    -25.535     3.3638 
 -0.418879  -0.837758   -38.2432   -11.2947 
  -0.20944  -0.837758    -39.304   -21.4382 
         0  -0.837758   -24.2327   -20.2537 
   0.20944  -0.837758    1.98718   -12.0804 
  0.418879  -0.837758    27.7975   -3.34091 
  0.628319  -0.837758    38.9068    1.91695 
  0.837758  -0.837758      29.62    4.54235 
    1.0472  -0.837758     6.9363    7.71783 
   1.25664  -0.837758   -21.7223    8.41029 
   1.46608  -0.837758   -41.9768    5.38731 
   1.67552  -0.837758   -31.9197    1.43801 
   1.88496  -0.837758   -26.7194    1.17568 
    2.0944  -0.837758   -17.8046    2.59424 
   2.30383  -0.837758    7.38632    2.42214 
   2.51327  -0.837758    39.4207    8.68038 
   2.72271  -0.837758    49.3373    18.4666 
   2.93215  -0.837758    46.9899    14.4355 
   3.14159  -0.837758    40.6202    8.54734 
  -3.14159  -0.628319    41.0709    0.83905 
  -2.93215  -0.628319    27.2105   -2.58474 
  -2.72271  -0.628319    14.0097   -2.43265 
  -2.51327  -0.628319    0.80782   -1.56792 
  -2.30383  -0.628319  0.0859044  -0.542403 
   -2.0944  -0.628319    1.45483   0.172071 
  -1.88496  -0.628319    8.83785    1.54693 
  -1.67552  -0.628319    15.7896   0.619829 
  -1.46608  -0.628319    12.1468   -2.04323 
  -1.25664  -0.628319    5.25996    1.16431 
   -1.0472  -0.628319   -7.35852  -0.277728 
 -0.837758  -0.628319   -25.3513   -8.71255 
 -0.628319  -0.628319   -40.9942   -19.6306 
 -0.418879  -0.628319   -47.5046    -24.498 
  -0.20944  -0.628319   -38.1592   -21.2769 
         0  -0.628319   -15.0599   -14.6846 
   0.20944  -0.628319    15.8148   -5.41126 
  0.418879  -0.628319    39.2816   0.278954 
  0.628319  -0.628319    45.6482    4.03486 
  0.837758  -0.628319    32.6435    7.35765 
    1.0472  -0.628319    7.74005    10.4587 
   1.25664  -0.628319   -22.5645      11.17 
   1.46608  -0.628319   -44.0697    10.5341 
   1.67552  -0.628319   -40.2559    5.43765 
   1.88496  -0.628319   -27.3503    -4.0755 
    2.0944  -0.628319   -17.9992   -2.57976 
   2.30383  -0.628319    8.19296   -2.89391 
   2.51327  -0.628319    39.0363    1.85014 
   2.72271  -0.628319    45.6068    8.79199 
   2.93215  -0.628319    54.8677    3.74889 
   3.14159  -0.628319    41.0709    0.83905 
  -3.14159  -0.418879    45.3984   -3.99038 
  -2.93215  -0.418879    30.7062   -4.70931 
  -2.72271  -0.418879    15.6495   -3.30579 
  -2.51327  -0.418879    7.97589  -0.443211 
  -2.30383  -0.418879    4.40766   0.881294 
   -2.0944  -0.418879    5.38032  -0.896358 
  -1.88496  -0.418879    9.20549   -5.61854 
  -1.67552  -0.418879    10.8176   -5.28155 
  -1.46608  -0.418879    8.58095   -4.17772 
  -1.25664  -0.418879   -1.08066   -9.78777 
   -1.0472  -0.418879    -15.643   -11.6293 
 -0.837758  -0.418879   -35.4954   -19.4267 
 -0.628319  -0.418879   -46.5582   -23.4583 
 -0.418879  -0.418879   -46.1108   -20.6879 
  -0.20944  -0.418879   -32.3925   -15.8865 
         0  -0.418879    -5.2415   -10.5908 
   0.20944  -0.418879    28.0595   -3.39488 
  0.418879  -0.418879    47.3491    1.51347 
  0.628319  -0.418879    48.8742    6.38315 
  0.837758  -0.418879    33.0165    10.1914 
    1.0472  -0.418879    6.92073    12.9472 
   1.25664  -0.418879   -22.8131    14.4762 
   1.46608  -0.418879   -40.2428    15.1926 
   1.67552  -0.418879   -43.1809    9.74508 
   1.88496  -0.418879    -36.217   0.688052 
    2.0944  -0.418879   -20.8849  -0.733272 
   2.30383  -0.418879    7.58237   -7.57607 
   2.51327  -0.418879    35.7868   -4.66435 
   2.72271  -0.418879    51.7687   -4.13994 
   2.93215  -0.418879    56.5458   -5.51559 
   3.14159  -0.418879    45.3984   -3.99038 
  -3.14159   -0.20944    46.6982   -7.51383 
  -2.93215   -0.20944    34.2016   -5.04818 
  -2.72271   -0.20944    18.4793   -2.87426 
  -2.51327   -0.20944    10.0416    2.29927 
  -2.30383   -0.20944    4.11379    2.42279 
   -2.0944   -0.20944    2.48444   0.597815 
  -1.88496   -0.20944    6.42071   -3.52177 
  -1.67552   -0.20944    6.81478   -2.57039 
  -1.46608   -0.20944    4.36148   -7.09507 
  -1.25664   -0.20944   -5.66876   -13.2843 
   -1.0472   -0.20944    -24.999   -17.6736 
 -0.837758   -0.20944   -41.0843   -21.4216 
 -0.628319   -0.20944   -49.4099   -21.4615 
 -0.418879   -0.20944   -45.5915   -19.2101 
  -0.20944   -0.20944   -29.1753   -13.1126 
         0   -0.20944    2.44218   -8.47188 
   0.20944   -0.20944    37.3048   -1.67765 
  0.418879   -0.20944    51.4013    3.43358 
  0.628319   -0.20944    48.2074    9.43794 
  0.837758   -0.20944    32.2174    13.2817 
    1.0472   -0.20944    4.72545    14.8931 
   1.25664   -0.20944   -24.2355    15.8198 
   1.46608   -0.20944    -41.089    15.3068 
   1.67552   -0.20944   -48.5437    6.20408 
   1.88496   -0.20944   -44.8609    2.75441 
    2.0944   -0.20944   -29.0061    2.65443 
   2.30383   -0.20944    2.53796   -4.08609 
   2.51327   -0.20944    32.6703   -9.66879 
   2.72271   -0.20944    54.0626    -8.4228 
   2.93215   -0.20944    54.4594   -8.95386 
   3.14159   -0.20944    46.6982   -7.51383 
  -3.14159          0    54.0509   -6.91068 
  -2.93215          0    38.3625   -4.48838 
  -2.72271          0    20.5817     1.7692 
  -2.51327          0    8.67694    4.06072 
  -2.30383          0    2.90344    6.40226 
   -2.0944          0    1.28875   0.244529 
  -1.88496          0    3.12478   -3.54064 
  -1.67552          0    2.74085   -6.98042 
  -1.46608          0   0.227665   -11.6724 
  -1.25664          0   -11.0538   -16.6522 
   -1.0472          0   -31.1543   -19.2546 
 -0.837758          0   -45.3178   -20.4018 
 -0.628319          0   -51.9218   -18.8083 
 -0.418879          0   -47.6906   -16.9874 
  -0.20944          0   -28.2528   -12.8051 
         0          0    11.1862   -5.63217 
   0.20944          0    42.7181    1.06852 
  0.418879          0    51.7402    5.21072 
  0.628319          0    46.7188    12.4885 
  0.837758          0    30.5988    16.5058 
    1.0472          0    2.05482    17.4274 
   1.25664          0    -27.581    16.5619 
   1.46608          0   -49.6358    11.2996 
   1.67552          0   -58.1966    3.17143 
   1.88496          0   -53.1261    2.20748 
    2.0944          0   -38.0562  -0.994695 
   2.30383          0   -4.42989   -4.93601 
   2.51327          0    26.9344     -8.614 
   2.72271          0    52.0831   -7.97431 
   2.93215          0    58.0574   -3.41789 
   3.14159          0    54.0509   -6.91068 
  -3.14159    0.20944    55.7712   -3.89355 
  -2.93215    0.20944    38.9927    1.13544 
  -2.72271    0.20944     20.739    6.31503 
  -2.51327    0.20944     7.6646    7.79333 
  -2.30383    0.20944 -0.0919264    8.15093 
   -2.0944    0.20944   0.316335    2.50792 
  -1.88496    0.20944   0.420096  -0.363289 
  -1.67552    0.20944   -1.97794    -7.4048 
  -1.46608    0.20944   -4.56106   -14.2121 
  -1.25664    0.20944   -17.0131   -16.4205 
   -1.0472    0.20944   -34.6433   -14.8469 
 -0.837758    0.20944    -49.163   -16.6467 
 -0.628319    0.20944   -54.4508    -15.267 
 -0.418879    0.20944   -47.8228   -12.9406 
  -0.20944    0.20944    -21.312   -7.47923 
         0    0.20944    20.9066    1.31417 
   0.20944    0.20944    43.0061    3.41606 
  0.418879    0.20944    50.1438    8.97011 
  0.628319    0.20944    44.7436    14.7915 
  0.837758    0.20944    26.7627    16.6077 
    1.0472    0.20944   -3.73633    16.0021 
   1.25664    0.20944    -34.072    10.5279 
   1.46608    0.20944   -54.5478    5.93952 
   1.67552    0.20944   -62.7238    1.32485 
   1.88496    0.20944   -59.0355   -1.18867 
    2.0944    0.20944   -44.1417   -3.64193 
   2.30383    0.20944   -10.6988   -7.59394 
   2.51327    0.20944    21.4857   -7.80773 
   2.72271    0.20944     50.194   -4.74529 
   2.93215    0.20944    62.0018 0.00295366 
   3.14159    0.20944    55.7712   -3.89355 
  -3.14159   0.418879    58.2395    3.26335 
  -2.93215   0.418879    40.1176    10.4095 
  -2.72271   0.418879     21.869    10.6638 
  -2.51327   0.418879    7.60546    12.8507 
  -2.30383   0.418879    2.00237    8.45298 
   -2.0944   0.418879   -2.71656    5.35448 
  -1.88496   0.418879   -8.88551    0.64921 
  -1.67552   0.418879   -7.27832   -9.94297 
  -1.46608   0.418879   -7.69608   -13.6936 
  -1.25664   0.418879   -18.6725   -10.3437 
   -1.0472   0.418879   -37.2741   -10.1869 
 -0.837758   0.418879   -52.0226   -11.6997 
 -0.628319   0.418879   -56.3741   -11.7128 
 -0.418879   0.418879   -43.0434   -7.54071 
  -0.20944   0.418879   -10.1138  -0.537275 
         0   0.418879    24.5727    6.30824 
   0.20944   0.418879    42.8206     9.0892 
  0.418879   0.418879    49.4706    15.1791 
  0.628319   0.418879    41.3305    18.2467 
  0.837758   0.418879    19.9137    16.5662 
    1.0472   0.418879   -13.3218    9.87279 
   1.25664   0.418879    -40.419    5.13755 
   1.46608   0.418879   -56.2523    4.03491 
   1.67552   0.418879   -64.3031    1.14078 
   1.88496   0.418879   -54.2514   -4.20285 
    2.0944   0.418879   -39.0441   -4.48072 
   2.30383   0.418879   -11.7493   -5.31648 
   2.51327   0.418879    20.4491   -2.99021 
   2.72271   0.418879    48.9408    5.15769 
   2.93215   0.418879     64.533    9.23001 
   3.14159   0.418879    58.2395    3.26335 
  -3.14159   0.628319    58.0554    14.3434 
  -2.93215   0.628319    38.7209    14.9909 
  -2.72271   0.628319     22.073      15.84 
  -2.51327   0.628319    7.20776    16.5483 
  -2.30383   0.628319   -4.24045    9.06279 
   -2.0944   0.628319   -9.11203    9.42412 
  -1.88496   0.628319   -16.6964    4.53077 
  -1.67552   0.628319   -14.9954   -9.05361 
  -1.46608   0.628319   -8.43583   -8.51449 
  -1.25664   0.628319   -18.5762   -3.54555 
   -1.0472   0.628319   -38.4933   -3.86992 
 -0.837758   0.628319   -52.0253   -6.13351 
 -0.628319   0.628319   -52.7179   -6.43782 
 -0.418879   0.628319   -34.3906  -0.943861 
  -0.20944   0.628319 -0.0567763    8.85887 
         0   0.628319    28.2528    13.8589 
   0.20944   0.628319    46.3204    19.3734 
  0.418879   0.628319    50.1257    22.1061 
  0.628319   0.628319    36.2411     18.605 
  0.837758   0.628319    9.25618    11.2829 
    1.0472   0.628319   -19.0854    4.58025 
   1.25664   0.628319   -43.0207    4.79512 
   1.46608   0.628319   -56.9541    6.16064 
   1.67552   0.628319   -62.5174     4.2049 
   1.88496   0.628319   -54.8473   -2.90505 
    2.0944   0.628319   -37.6576   -1.97989 
   2.30383   0.628319   -12.1755   0.589533 
   2.51327   0.628319    16.6369    10.2148 
   2.72271   0.628319    42.4215    21.9398 
   2.93215   0.628319    61.6355    18.5785 
   3.14159   0.628319    58.0554    14.3434 
  -3.14159   0.837758    58.4126    12.3277 
  -2.93215   0.837758    38.9726    12.9517 
  -2.72271   0.837758    19.7443    15.2596 
  -2.51327   0.837758    8.50459    13.7053 
  -2.30383   0.837758   -2.47986     6.8953 
   -2.0944   0.837758   -12.4741    10.2397 
  -1.88496   0.837758   -24.5665    4.25407 
  -1.67552   0.837758   -19.4245   0.552447 
  -1.46608   0.837758   -8.79431   -1.80728 
  -1.25664   0.837758   -20.7003   0.381316 
   -1.0472   0.837758   -37.6234  0.0573333 
 -0.837758   0.837758   -48.9662   -3.02089 
 -0.628319   0.837758   -44.2934  -0.201917 
 -0.418879   0.837758   -21.7715    8.29341 
  -0.20944   0.837758    12.2697    19.1017 
         0   0.837758    38.1275    27.6499 
   0.20944   0.837758    48.7298     26.423 
  0.418879   0.837758      46.87    25.1533 
  0.628319   0.837758    24.8894    9.20349 
  0.837758   0.837758    1.22789     3.0339 
    1.0472   0.837758   -25.4884    1.09705 
   1.25664   0.837758   -45.0704    4.71141 
   1.46608   0.837758   -57.2078    6.71797 
   1.67552   0.837758   -66.4174   -2.20865 
   1.88496   0.837758   -53.9915   -3.67037 
    2.0944   0.837758   -30.2989    9.22307 
   2.30383   0.837758   -1.62959    17.0644 
   2.51327   0.837758    34.0627    17.1289 
   2.72271   0.837758     62.364    22.8737 
   2.93215   0.837758    66.0664    14.7204 
   3.14159   0.837758    58.4126    12.3277 
  -3.14159     1.0472    53.8497    6.03174 
  -2.93215     1.0472    37.0955    9.94658 
  -2.72271     1.0472    19.4227    13.2915 
  -2.51327     1.0472    10.8782     9.7944 
  -2.30383     1.0472    0.44273    4.29009 
   -2.0944     1.0472   -8.69172    8.33928 
  -1.88496     1.0472   -23.4139      4.952 
  -1.67552     1.0472   -29.1971    7.23588 
  -1.46608     1.0472   -10.0418    5.48252 
  -1.25664     1.0472   -17.3594    6.63458 
   -1.0472     1.0472   -32.7944    4.85167 
 -0.837758     1.0472   -41.8272    1.41149 
 -0.628319     1.0472   -32.6662    7.58109 
 -0.418879     1.0472   -5.93876    21.4769 
  -0.20944     1.0472    25.5089    32.6129 
         0     1.0472    42.5201    33.2347 
   0.20944     1.0472    42.4767     23.583 
  0.418879     1.0472    33.5171    10.3758 
  0.628319     1.0472     13.738   -4.85484 
  0.837758     1.0472    -1.6521    -3.4254 
    1.0472     1.0472   -25.6791   -3.15771 
   1.25664     1.0472     -47.59   -4.96195 
   1.46608     1.0472   -57.5111   -2.95502 
   1.67552     1.0472   -64.8121   -3.18143 
   1.88496     1.0472   -57.0828   -1.72841 
    2.0944     1.0472   -33.4271    10.0211 
   2.30383     1.0472    4.22316    19.6208 
   2.51327     1.0472    37.5854    20.0178 
   2.72271     1.0472    60.0193    12.7091 
   2.93215     1.0472    64.0733    12.3164 
   3.14159     1.0472    53.8497    6.03174 
  -3.14159    1.25664    50.2301   -0.54949 
  -2.93215    1.25664    35.2062 -0.0235435 
  -2.72271    1.25664      16.76     5.0177 
  -2.51327    1.25664    7.42326   0.659776 
  -2.30383    1.25664   0.213555   -1.99346 
   -2.0944    1.25664   -7.47586    7.28148 
  -1.88496    1.25664   -18.8509    4.21268 
  -1.67552    1.25664   -28.1865    11.9007 
  -1.46608    1.25664   -10.0513    13.2221 
  -1.25664    1.25664   -11.6597    12.5525 
   -1.0472    1.25664    -25.731    10.2186 
 -0.837758    1.25664    -29.309    11.4545 
 -0.628319    1.25664   -13.8265    21.8922 
 -0.418879    1.25664    11.5956    33.1738 
  -0.20944    1.25664    26.0892     31.546 
         0    1.25664    30.5432    22.8616 
   0.20944    1.25664    26.1726    6.74657 
  0.418879    1.25664    20.5691   -4.06443 
  0.628319    1.25664    10.6855   -11.4864 
  0.837758    1.25664   -7.80963    -13.621 
    1.0472    1.25664   -25.3923    -8.3846 
   1.25664    1.25664   -43.4234   -5.90487 
   1.46608    1.25664   -63.0376    -12.472 
   1.67552    1.25664   -58.1993  -0.463738 
   1.88496    1.25664   -52.2505    2.86068 
    2.0944    1.25664   -31.3659    5.44864 
   2.30383    1.25664    11.3185    4.89744 
   2.51327    1.25664      39.93    8.67817 
   2.72271    1.25664    59.6719    12.1257 
   2.93215    1.25664    59.6382     7.4361 
   3.14159    1.25664    50.2301   -0.54949 
  -3.14159    1.46608    52.3285   -2.04884 
  -2.93215    1.46608    30.9481   0.347588 
  -2.72271    1.46608     15.579    3.19304 
  -2.51327    1.46608    6.46292    1.05031 
  -2.30383    1.46608   -1.60536   0.515063 
   -2.0944    1.46608   -6.41978     1.9789 
  -1.88496    1.46608   -15.8025    3.14879 
  -1.67552    1.46608   -20.2308    13.3273 
  -1.46608    1.46608   -7.18729    20.2381 
  -1.25664    1.46608   -5.84173    18.2039 
   -1.0472    1.46608   -15.1984    18.3228 
 -0.837758    1.46608   -13.8446    25.0081 
 -0.628319    1.46608   -1.40003    35.4445 
 -0.418879    1.46608    9.45631    34.4243 
  -0.20944    1.46608     12.264    20.2654 
         0    1.46608    13.0248    5.96139 
   0.20944    1.46608    13.1572   -5.85557 
  0.418879    1.46608    14.5291    -13.808 
  0.628319    1.46608    7.45348    -18.725 
  0.837758    1.46608   -5.57969   -20.2328 
    1.0472    1.46608   -17.8754   -10.0557 
   1.25664    1.46608   -36.1764   -7.06196 
   1.46608    1.46608   -49.3515   -10.1736 
   1.67552    1.46608   -53.2793   -4.13101 
   1.88496    1.46608    -37.283    7.19594 
    2.0944    1.46608   -14.7857    4.89351 
   2.30383    1.46608    10.8289     9.8232 
   2.51327    1.46608    40.0164    6.71853 
   2.72271    1.46608    55.8332     6.5414 
   2.93215    1.46608    57.4228    2.41065 
   3.14159    1.46608    52.3285   -2.04884 
  -3.14159    1.67552    46.0507  -0.621587 
  -2.93215    1.67552    28.2874    3.26655 
  -2.72271    1.67552     12.326    5.12488 
  -2.51327    1.67552    4.99499    3.85228 
  -2.30383    1.67552 -0.0440629    3.21306 
   -2.0944    1.67552   0.850703   0.151452 
  -1.88496    1.67552   -5.15531    7.33668 
  -1.67552    1.67552   -7.92458    9.70804 
  -1.46608    1.67552    -2.0038    24.4744 
  -1.25664    1.67552   -2.84711    25.6444 
   -1.0472    1.67552   -4.73492    28.6654 
 -0.837758    1.67552   -8.52065    32.7031 
 -0.628319    1.67552   -6.06214    30.3889 
 -0.418879    1.67552   -5.93419    18.1687 
  -0.20944    1.67552   -5.40741    6.90492 
         0    1.67552    0.26464  -0.795458 
   0.20944    1.67552    6.66212   -8.56808 
  0.418879    1.67552    7.94266   -18.5014 
  0.628319    1.67552    7.24147   -22.9001 
  0.837758    1.67552   -3.50035   -22.1505 
    1.0472    1.67552   -16.0266   -9.00331 
   1.25664    1.67552   -35.5195   -1.47589 
   1.46608    1.67552   -52.9978   -9.21763 
   1.67552    1.67552   -56.0591    1.11142 
   1.88496    1.67552   -44.2783    5.08927 
    2.0944    1.67552   -22.4593   0.801619 
   2.30383    1.67552    15.6396    8.18868 
   2.51327    1.67552     39.202    5.90667 
   2.72271    1.67552    50.5623    6.11229 
   2.93215    1.67552    55.9008   -2.42144 
   3.14159    1.67552    46.0507  -0.621587 
  -3.14159    1.88496    44.2834    4.57403 
  -2.93215    1.88496    26.0862    10.4522 
  -2.72271    1.88496    10.4456      5.532 
  -2.51327    1.88496    3.39688     8.9833 
  -2.30383    1.88496   -4.85826    3.54227 
   -2.0944    1.88496    3.99483    6.94271 
  -1.88496    1.88496    1.78987    6.26525 
  -1.67552    1.88496  -0.265745    8.30262 
  -1.46608    1.88496  -0.841362    18.6155 
  -1.25664    1.88496   -5.05819    18.0931 
   -1.0472    1.88496   -7.60535    23.8997 
 -0.837758    1.88496   -10.7792    25.0018 
 -0.628319    1.88496   -12.2873    19.7382 
 -0.418879    1.88496   -18.0382    12.8569 
  -0.20944    1.88496   -13.6532    8.38931 
         0    1.88496   -12.3391   -3.00858 
   0.20944    1.88496  -0.833586   -9.57357 
  0.418879    1.88496    4.03814    -18.066 
  0.628319    1.88496    7.70778    -22.712 
  0.837758    1.88496     1.8237   -18.0338 
    1.0472    1.88496   -10.4511   -3.76192 
   1.25664    1.88496   -31.8975    2.94759 
   1.46608    1.88496   -50.5356    3.88775 
   1.67552    1.88496   -54.4316    7.06444 
   1.88496    1.88496   -42.8044    11.9031 
    2.0944    1.88496   -16.9161    11.6429 
   2.30383    1.88496     14.911    16.4297 
   2.51327    1.88496    40.2112    10.6055 
   2.72271    1.88496    52.3097      5.273 
   2.93215    1.88496     50.002    7.29127 
   3.14159    1.88496    44.2834    4.57403 
  -3.14159     2.0944    44.7159    10.1635 
  -2.93215     2.0944    29.7752    17.5348 
  -2.72271     2.0944    14.1989    12.7525 
  -2.51327     2.0944    2.42523    13.8169 
  -2.30383     2.0944   -1.49756    14.5261 
   -2.0944     2.0944   -1.42857    10.9735 
  -1.88496     2.0944    4.68565    8.33115 
  -1.67552     2.0944    6.79443    7.69835 
  -1.46608     2.0944    3.25889    11.1301 
  -1.25664     2.0944   -3.99185    10.6238 
   -1.0472     2.0944   -7.16156    12.6786 
 -0.837758     2.0944    -17.533    15.1201 
 -0.628319     2.0944   -22.8439    11.9702 
 -0.418879     2.0944   -28.6964    7.18515 
  -0.20944     2.0944   -25.7857    1.00458 
         0     2.0944   -20.1382   -9.97244 
   0.20944     2.0944   -9.38303   -16.2606 
  0.418879     2.0944    3.09124   -22.2501 
  0.628319     2.0944    13.8378   -18.2305 
  0.837758     2.0944    14.2528   -5.07546 
    1.0472     2.0944  -0.496134    6.33406 
   1.25664     2.0944    -24.515     9.7145 
   1.46608     2.0944   -45.4738    13.1595 
   1.67552     2.0944   -53.3557    14.3712 
   1.88496     2.0944   -46.6657    16.0445 
    2.0944     2.0944   -29.7352    15.9128 
   2.30383     2.0944     11.353    20.0774 
   2.51327     2.0944    41.7588    15.1155 
   2.72271     2.0944    51.8896    15.1472 
   2.93215     2.0944    51.0325    13.2934 
   3.14159     2.0944    44.7159    10.1635 
  -3.14159    2.30383    39.0695    15.4078 
  -2.93215    2.30383    26.2738    16.4595 
  -2.72271    2.30383    10.6318    18.6232 
  -2.51327    2.30383    2.24992    16.0621 
  -2.30383    2.30383  -0.805176    13.3702 
   -2.0944    2.30383   -3.40192    15.1315 
  -1.88496    2.30383    2.30211    9.49474 
  -1.67552    2.30383    6.77051    14.2071 
  -1.46608    2.30383    6.16525    10.9474 
  -1.25664    2.30383     1.2782    7.73504 
   -1.0472    2.30383    -10.532     8.7524 
 -0.837758    2.30383   -18.0025    13.0024 
 -0.628319    2.30383   -28.8237     6.1396 
 -0.418879    2.30383     -30.99    3.29809 
  -0.20944    2.30383   -31.7461   -8.47272 
         0    2.30383   -25.3728   -13.0087 
   0.20944    2.30383   -11.0163   -14.5056 
  0.418879    2.30383    10.6075   -16.6576 
  0.628319    2.30383    23.7958   -5.68981 
  0.837758    2.30383    24.7781    8.39085 
    1.0472    2.30383     4.3824    13.5349 
   1.25664    2.30383   -23.1664    16.3859 
   1.46608    2.30383   -43.5667     15.105 
   1.67552    2.30383   -54.3004    19.3198 
   1.88496    2.30383   -44.7937    14.2771 
    2.0944    2.30383   -19.2748    10.7104 
   2.30383    2.30383    14.6242    13.1039 
   2.51327    2.30383    38.5875    12.5705 
   2.72271    2.30383    51.5031    18.5519 
   2.93215    2.30383    50.8535    12.0224 
   3.14159    2.30383    39.0695    15.4078 
  -3.14159    2.51327    42.6418     9.6223 
  -2.93215    2.51327    24.1174    10.7849 
  -2.72271    2.51327    9.56946    14.4611 
  -2.51327    2.51327  -0.600289    10.4462 
  -2.30383    2.51327   -5.77351    7.67686 
   -2.0944    2.51327   -4.29071    9.34836 
  -1.88496    2.51327  -0.411732    7.36784 
  -1.67552    2.51327    6.24161    7.23808 
  -1.46608    2.51327    5.15076    3.98162 
  -1.25664    2.51327    3.20391     3.2535 
   -1.0472    2.51327   -8.31091    3.07611 
 -0.837758    2.51327   -23.2335   0.226525 
 -0.628319    2.51327   -32.6963    2.08834 
 -0.418879    2.51327    -36.698   -5.62013 
  -0.20944    2.51327   -38.8418   -13.3965 
         0    2.51327   -32.3841   -21.3309 
   0.20944    2.51327   -10.8812   -18.0817 
  0.418879    2.51327    23.9216   -10.3122 
  0.628319    2.51327    38.0908  -0.571555 
  0.837758    2.51327    32.2156    9.57086 
    1.0472    2.51327    4.65959    6.90273 
   1.25664    2.51327   -19.3074     12.655 
   1.46608    2.51327   -44.3891    4.84313 
   1.67552    2.51327   -53.3138     8.0033 
   1.88496    2.51327   -46.1731    2.93738 
    2.0944    2.51327   -21.3838      1.415 
   2.30383    2.51327    15.4721    2.34207 
   2.51327    2.51327    42.6997    7.91388 
   2.72271    2.51327    52.6702    15.8763 
   2.93215    2.51327    53.0965    11.2528 
   3.14159    2.51327    42.6418     9.6223 
  -3.14159    2.72271    45.0829   -6.30353 
  -2.93215    2.72271    28.9525   -6.60614 
  -2.72271    2.72271     13.385   -2.45461 
  -2.51327    2.72271  -0.832465   -4.07936 
  -2.30383    2.72271   -4.36596   -6.43486 
   -2.0944    2.72271   -3.40271   -4.12441 
  -1.88496    2.72271   0.384712   -3.54026 
  -1.67552    2.72271    5.67154   -8.16775 
  -1.46608    2.72271    5.30561   -8.11643 
  -1.25664    2.72271    -1.4197   -11.0026 
   -1.0472    2.72271   -12.5513   -11.7274 
 -0.837758    2.72271   -26.1446   -14.0315 
 -0.628319    2.72271   -37.0435   -16.9713 
 -0.418879    2.72271   -45.9718   -23.9657 
  -0.20944    2.72271   -42.4045   -28.4111 
         0    2.72271   -27.3002   -32.1971 
   0.20944    2.72271    16.7325   -18.2449 
  0.418879    2.72271    46.8929   -3.86157 
  0.628319    2.72271    53.2055    5.21408 
  0.837758    2.72271    31.4273   0.220414 
    1.0472    2.72271    3.82533   -4.36663 
   1.25664    2.72271   -25.9983   -5.64224 
   1.46608    2.72271   -49.4055   -8.12425 
   1.67552    2.72271   -51.2464   -7.48852 
   1.88496    2.72271   -45.1102   -14.2938 
    2.0944    2.72271   -16.6378   -20.0734 
   2.30383    2.72271    13.4369   -18.5415 
   2.51327    2.72271    41.1712   -7.08795 
   2.72271    2.72271    55.7432   -3.19492 
   2.93215    2.72271    57.5308   -4.88185 
   3.14159    2.72271    45.0829   -6.30353 
  -3.14159    2.93215    48.1089   -20.9675 
  -2.93215    2.93215     28.246   -18.5549 
  -2.72271    2.93215    7.41178   -16.7438 
  -2.51327    2.93215     1.9565    -21.283 
  -2.30383    2.93215   -3.91962   -21.8052 
   -2.0944    2.93215   -2.92371   -20.8918 
  -1.88496    2.93215  -0.850138   -19.5087 
  -1.67552    2.93215    4.28538   -22.1612 
  -1.46608    2.93215    4.89042   -24.5225 
  -1.25664    2.93215   -7.45671   -28.9334 
   -1.0472    2.93215   -23.3326   -37.7323 
 -0.837758    2.93215   -40.0246   -38.6729 
 -0.628319    2.93215   -53.4361   -45.7588 
 -0.418879    2.93215   -57.0967   -51.7986 
  -0.20944    2.93215   -57.2198   -59.9802 
         0    2.93215   -28.6594   -54.9358 
   0.20944    2.93215    31.3311   -28.1155 
  0.418879    2.93215    54.1234   -13.8977 
  0.628319    2.93215     51.341   -10.8465 
  0.837758    2.93215      28.23   -16.4996 
    1.0472    2.93215    -0.8588   -17.9748 
   1.25664    2.93215   -28.5612   -18.4543 
   1.46608    2.93215   -51.3648   -23.1111 
   1.67552    2.93215   -58.8603   -26.2966 
   1.88496    2.93215    -45.993   -28.6553 
    2.0944    2.93215    -15.339   -37.6702 
   2.30383    2.93215    12.3436   -32.1981 
   2.51327    2.93215    37.9521   -25.4187 
   2.72271    2.93215    57.2914   -28.6022 
   2.93215    2.93215    58.9184   -27.0767 
   3.14159    2.93215    48.1089   -20.9675 
  -3.14159    3.14159    47.7172   -39.0856 
  -2.93215    3.14159    26.7228   -33.1148 
  -2.72271    3.14159    11.2721   -35.9091 
  -2.51327    3.14159    1.41826   -41.1381 
  -2.30383    3.14159   -6.22061   -32.7931 
   -2.0944    3.14159   -4.16277   -33.1176 
  -1.88496    3.14159   0.182668   -34.6181 
  -1.67552    3.14159     7.2639    -37.179 
  -1.46608    3.14159   0.712666   -39.1304 
  -1.25664    3.14159    -9.5377   -43.4472 
   -1.0472    3.14159   -29.2889   -48.4443 
 -0.837758    3.14159   -48.1233   -58.0192 
 -0.628319    3.14159    -61.262   -66.6668 
 -0.418879    3.14159   -64.0978   -73.3801 
  -0.20944    3.14159   -55.3719   -72.1734 
         0    3.14159   0.498626   -49.7099 
   0.20944    3.14159    55.5624   -21.0338 
  0.418879    3.14159    66.8598    -11.525 
  0.628319    3.14159    53.8162   -13.5093 
  0.837758    3.14159    28.1026   -19.3399 
    1.0472    3.14159   -6.59347   -25.2587 
   1.25664    3.14159   -38.1309   -29.7196 
   1.46608    3.14159   -53.2422   -29.1037 
   1.67552    3.14159    -56.628    -28.748 
   1.88496    3.14159   -46.0795   -33.5082 
    2.0944    3.14159   -22.3241   -29.0323 
   2.30383    3.14159    6.97471   -37.3893 
   2.51327    3.14159    41.1744   -41.8368 
   2.72271    3.14159    55.5611   -40.1039 
   2.93215    3.14159    57.0871   -38.0168 
   3.14159    3.14159    47.7172   -39.0856 


