4
2 10 6 1
3.1830988618379069e-01 3.1830988618379069e-01
-2.2204460492503131e-16 -2.2204460492503131e-16
2.7826265185170992e-02
3.5937269818477617e+01
-9.9179488587543940e-01
-1.8496586133395985e+00
-1.5259128971930075e-02
-7.1513856230164463e-01
-3.1321308537003173e-01
-7.3600804272040365e-01
-1.0070644951689272e+00
6.1062914561415915e-01
7.9077932386942940e-01
-1.5866746271086216e+00
2.7562804107363319e+00
2.6466438900058269e+00
-7.1788272425277388e-01
1.3184797535004078e-01
-6.3418524411557542e-01
-2.8387407364230657e+00
-6.6314117642268688e-01
-3.4191848791014423e-01
-3.8978598324238787e+00
7.0647890712592598e-01
2.2469958394935197e+00
7.7562600939534976e-01
-1.8118334456611582e-01
1.6801499099091455e+00
3.6430814025709518e-01
-5.7012388825453075e-01
-9.2237158252031892e-01
-1.5168308236642065e+00
1.0480075739422279e+00
1.9494710356922791e+00
-2.9636761490543115e+00
-4.5984425939611034e-01
1.8515284093124618e+00
-1.3580577038432085e-01
4.6729607376485642e+00
2.4878532609317592e+00
1.3867029262158765e+00
-9.7253090288987321e-02
-3.3576654941952611e-01
-9.5388491012744103e-02
-2.0258004185985756e-01
-6.7288754297884701e-01
-3.2084541810784190e-01
1.7695807830053373e-01
-5.3401231563037843e-01
1.8069289599502206e-01
1.3637421619053974e-01
-1.0592239862998265e+00
1.2167338126891336e+01
3.9463004565963207e+00
-9.7822024952703597e+00
-3.0648611233197491e+00
-5.0686010623452349e+00
-1.4451397566679493e+01
2.9461109845414373e+00
-4.2947881050513725e+00
-9.0582695096199517e-01
-3.0037031716853174e-01
2.0274154119137107e+00
2.3079823831555055e+00
-9.2076160507529483e+00
1.0273623395205458e+00
3.7234875276086421e+00
-1.9406823603838284e+00
4.7428006858008294e+00
4.2875597268510974e+00
-2.5529408543183585e-01
-1.3359212515587309e+00
1.4445100417067520e+00
1.1534447547172371e+00
-8.6174112399677968e-02
2.0341536906081212e+00
-3.6725152181602723e+00
-1.4368203949928797e+00
2.6439877052765981e+00
1.2140591645157004e+00
3.7980716472909166e+00
2.9887430969010560e+00
1.4157391053127402e+00
-4.5540754295805312e+00
-5.9665816009407457e-01
5.2273953811596108e-01
3.9045200914850176e+00
4.7040664285434719e+00
6.0753182452870300e-02
-2.0517182429306829e-01
1.1128836447252207e-02
5.5343144573820569e-01
2.5913169021313959e-01
8.0971848281546432e-01
7.0501755215102646e-01
-1.2798176625613009e-01
-1.0131823021274893e+00
9.3887222978787588e-01
9.2938397379847448e-01
9.7634340126697394e-01
-1.2028729076430706e+01
5.4377526185789931e+00
1.8371265119407198e+01
1.5812855509188447e+01
1.2893455439374344e+01
1.5611630921050121e+01
-5.2682308217296754e+00
