4
2 8 4 1
3.1830988618379069e-01 3.1830988618379069e-01
2.2204460492503131e-16 2.2204460492503131e-16
2.7811216601177437e-02
3.5956715390784566e+01
-7.5093911987919468e-02
-4.6250542989008636e-01
9.4783436687179812e-01
-6.2584962781995512e-01
-1.7625624705124903e+00
-2.4463920846374276e+00
-1.9065674292507082e+00
-1.6542687352941896e+00
9.1280068870376152e-01
1.9950590462552296e+00
3.7649498092895346e+00
1.4077610449416553e-01
3.0997747965026972e+00
-9.2032552320568478e-02
1.9210525621110086e-01
-2.6159384834079789e+00
4.5768809590199022e-01
7.3674712941698939e-01
3.5872388202353372e-01
2.3932253983174783e+00
1.2870838880081125e-02
1.8649389512278374e+00
-1.9547107885511317e+00
-4.6458129340197468e-01
-2.1373515270120547e+00
-7.2789775614710150e-01
-1.6994782138045956e+00
5.6915027716233568e-01
6.8696777268821382e-02
7.5019940730204260e+00
9.3618760714383633e+00
-1.4234749277111138e+00
-6.8300240254977018e-01
-1.7669100984047994e+00
-5.5867118236361391e+00
-6.9377705566232051e-01
5.9783060709764979e-01
-7.2685268102779133e-01
3.6592084793214785e-01
3.9590737450307018e-01
-5.2232166190993035e-01
6.5773294933531956e-02
-5.6698813337966369e-01
5.0766308009521699e-01
3.8209190157832240e-01
-1.3434196750437859e+00
2.2792276269848314e-02
7.8196015352495640e-01
-1.1227152194266965e+00
-2.4678135876778056e+00
-2.0259059368412848e+00
2.7902373774634776e-01
-8.7067748841357984e-01
3.9736627395909313e-01
-3.6957938923797617e-01
-3.0131986866635762e-03
3.5772867262931829e-01
2.1115542456575422e+00
1.9896047951806501e+00
-6.4280193958551757e-01
2.3975492991879248e+00
-6.5170838934991968e+00
-4.1564955222900073e+00
4.4227281465383381e+00
-8.4316174531062806e+00
